17
289
4913
1611
2814
6883
2337
6965
3731
6090
5238
7136
6638
6363
1688
4123
4563
3852
8147
7443
3666
4985
2835
7240
215
3655
4798
7847
2343
7067
5465
2804
6713
7638
6981
4003
2523
1936
148
2516
1817
6316
889
6922
3000
1854
6945
3391
310
5270
7680
7695
7950
4094
4070
3662
4917
1679
3970
1962
590
1839
6690
7247
334
5678
6425
2742
5659
6102
5442
2413
66
1122
2692
4809
8034
5522
3773
6804
994
516
581
1686
4089
3985
2217
4925
1815
6282
311
5287
7969
4417
1370
6908
2762
5999
3691
5410
1869
7200
7726
286
4862
744
4457
2050
2086
2698
4911
1577
2236
5248
7306
1337
6347
1416
7690
7865
2649
4078
3798
7229
28
476
8092
6508
4153
5073
4331
8099
6627
6176
6700
7417
3224
5662
6153
6309
770
4899
1373
6959
3629
4356
333
5661
6136
6020
4048
3288
6750
76
1292
5582
4793
7762
898
7075
5601
5116
5062
4144
4920
1730
4837
319
5423
2090
2766
6067
4847
489
122
2074
2494
1443
8149
7477
4244
6620
6057
4677
5790
138
2346
7118
6332
1161
3355
7889
3057
2823
7036
4938
2036
1848
6843
1657
3596
3795
7178
7352
2119
3259
6257
8077
6253
8009
5097
4739
6844
1674
3885
517
598
1975
811
5596
5031
3617
4152
5056
4042
3186
5016
3362
8008
5080
4450
1931
63
1071
1825
6452
3201
5271
7697
7984
4672
5705
6884
2354
7254
453
7701
8052
5828
784
5137
5419
2022
1610
2797
6594
5615
5354
917
7398
2901
171
2907
273
4641
5178
6116
5680
6459
3320
7294
1133
2879
7988
4740
6861
1963
607
2128
3412
667
3148
4370
571
1516
1199
4001
2489
1358
6704
7485
4380
741
4406
1183
3729
6056
4660
5501
3416
735
4304
7640
7015
4581
4158
5158
5776
8091
6491
3864
160
2720
5285
7935
3839
7926
3686
5325
424
7208
7862
2598
3211
5441
2396
7968
4400
1081
1995
1151
3185
4999
3073
3095
3469
1636
3239
5917
2297
6285
362
6154
6326
1059
1621
2984
1582
2321
6693
7298
1201
4035
3067
2993
1735
4922
1764
5415
1954
454
7718
150
2550
2395
7951
4111
4359
384
6528
4493
2662
4299
7555
5570
4589
4294
7470
4125
4597
4430
1591
2474
1103
2369
7509
4788
7677
7644
7083
5737
7428
3411
650
2859
7648
7151
6893
2507
1664
3715
5818
614
2247
5435
2294
6234
7686
7797
1493
808
5545
4164
5260
7510
4805
7966
4366
503
360
6120
5748
7615
6590
5547
4198
5838
954
8027
5403
1750
5177
6099
5391
1546
1709
4480
2441
542
1023
1009
771
4916
1662
3681
5240
7170
7216
7998
4910
1560
1947
335
5695
6714
7655
7270
725
4134
4750
7031
4853
591
1856
6979
3969
1945
301
5117
5079
4433
1642
3341
7651
7202
7760
864
6497
3966
1894
7625
6760
246
4182
5566
4521
3138
4200
5872
1532
1471
434
7378
2561
2582
2939
817
5698
6765
331
5627
5558
4385
826
5851
1175
3593
3744
6311
804
5477
3008
1990
1066
1740
5007
3209
5407
1818
6333
1178
3644
4611
4668
5637
5728
7275
810
5579
4742
6895
2541
2242
5350
849
6242
7822
1918
8033
5505
3484
1891
7574
5893
1889
7540
5315
254
4318
7878
2870
7835
2139
3599
3846
8045
5709
6952
3510
2333
6897
2575
2820
6985
4071
3679
5206
6592
5581
4776
7473
4176
5464
2787
6424
2725
5370
1189
3831
7790
1374
6976
3918
1078
1944
284
4828
166
2822
7019
4649
5314
237
4029
2965
1259
5021
3447
1262
5072
4314
7810
1714
4565
3886
534
887
6888
2422
219
3723
5954
2926
596
1941
233
3961
1809
6180
6768
382
6494
3915
1027
1077
1927
8186
8106
6746
8
136
2312
6540
4697
6130
5918
2314
6574
5275
7765
949
7942
3958
1758
5313
220
3740
6243
7839
2207
4755
7116
6298
583
1720
4667
5620
5439
2362
7390
2765
6050
4558
3767
6702
7451
3802
7297
1184
3746
6345
1382
7112
6230
7618
6641
6414
2555
2480
1205
4103
4223
6263
8179
7987
4723
6572
5241
7187
7505
4720
6521
4374
639
2672
4469
2254
5554
4317
7861
2581
2922
528
785
5154
5708
6935
3221
5611
5286
7952
4128
4648
5297
8139
7307
1354
6636
6329
1110
2488
1341
6415
2572
2769
6118
5714
7037
4955
2325
6761
263
4471
2288
6132
5952
2892
18
306
5202
6524
4425
1506
1029
1111
2505
1630
3137
4183
5583
4810
8051
5811
495
224
3808
7399
2918
460
7820
1884
7455
3870
262
4454
1999
1219
4341
78
1326
6160
6428
2793
6526
4459
2084
2664
4333
8133
7205
7811
1731
4854
608
2145
3701
5580
4759
7184
7454
3853
8164
7732
388
6596
5649
5932
2552
2429
338
5746
7581
6012
3912
976
210
3570
3353
7855
2479
1188
3814
7501
4652
5365
1104
2386
7798
1510
1097
2267
5775
8074
6202
7142
6740
8097
6593
5598
5065
4195
5787
87
1479
570
1499
910
7279
878
6735
8012
5148
5606
5201
6507
4136
4784
7609
6488
3813
7484
4363
452
7684
7763
915
7364
2323
6727
7876
2836
7257
504
377
6409
2470
1035
1213
4239
6535
4612
4685
5926
2450
695
3624
4271
7079
5669
6272
141
2397
7985
4689
5994
3606
3965
1877
7336
1847
6826
1368
6874
2184
4364
469
7973
4485
2526
1987
1015
873
6650
6567
5156
5742
7513
4856
642
2723
5336
611
2196
4568
3937
1401
7435
3530
2673
4486
2543
2276
5928
2484
1273
5259
7493
4516
3053
2755
5880
1668
3783
6974
3884
500
309
5253
7391
2782
6339
1280
5378
1325
6143
6139
6071
4915
1645
3392
327
5559
4402
1115
2573
2786
6407
2436
457
7769
1017
907
7228
11
187
3179
4897
1339
6381
1994
1134
2896
86
1462
281
4777
7490
4465
2186
4398
1047
1417
7707
8154
7562
5689
6612
5921
2365
7441
3632
4407
1200
4018
2778
6271
124
2108
3072
3078
3180
4914
1628
3103
3605
3948
1588
2423
236
4012
2676
4537
3410
633
2570
2735
5540
4079
3815
7518
4941
2087
2715
5200
6490
3847
8062
5998
3674
5121
5147
5589
4912
1594
2525
1970
726
4151
5039
3753
6464
3405
548
1125
2743
5676
6391
2164
4024
2880
8005
5029
3583
3574
3421
820
5749
7632
6879
2269
5809
461
7837
2173
4177
5481
3076
3146
4336
8184
8072
6168
6564
5105
4875
965
23
391
6647
6516
4289
7385
2680
4605
4566
3903
823
5800
308
5236
7102
6060
4728
6657
6686
7179
7369
2408
8172
7868
2700
4945
2155
3871
279
4743
6912
2830
7155
6961
3663
4934
1968
692
3573
3404
531
836
6021
4065
3577
3472
1687
4106
4274
7130
6536
4629
4974
2648
4061
3509
2316
6608
5853
1209
4171
5379
1342
6432
2861
7682
7729
337
5729
7292
1099
2301
6353
1518
1233
4579
4124
4580
4141
4869
863
6480
3677
5172
6014
3946
1554
1845
6792
790
5239
7153
6927
3085
3299
6937
3255
6189
6921
2983
1565
2032
1780
5687
6578
5343
730
4219
6195
7023
4717
6470
3507
2282
6030
4218
6178
6734
7995
4859
693
3590
3693
5444
2447
644
2757
5914
2246
5418
2005
1321
6075
4983
2801
6662
6771
433
7361
2272
5860
1328
6194
7006
4428
1557
1896
7659
7338
1881
7404
3003
1905
7812
1748
5143
5521
3756
6515
4272
7096
5958
2994
1752
5211
6677
7026
4768
7337
1864
7115
6281
294
4998
3056
2806
6747
25
425
7225
8151
7511
4822
64
1088
2114
3174
4812
8085
6389
2130
3446
1245
4783
7592
6199
7091
5873
1549
1760
5347
798
5375
1274
5276
7782
1238
4664
5569
4572
4005
2557
2514
1783
5738
7445
3700
5563
4470
2271
5843
1039
1281
5395
1614
2865
7750
694
3607
3982
2166
4058
3458
1449
60
1020
958
8095
6559
5020
3430
973
159
2703
4996
3022
2228
5112
4994
2988
1650
3477
1772
5551
4266
6994
4224
6280
277
4709
6334
1195
3933
1333
6279
260
4420
1421
7775
1119
2641
3942
1486
689
3522
2537
2174
4194
5770
7989
4757
7150
6876
2218
4942
2104
3004
1922
8101
6661
6754
144
2448
661
3046
2636
3857
41
697
3658
4849
523
700
3709
5716
7071
5533
3960
1792
5891
1855
6962
3680
5223
6881
2303
6387
2096
2868
7801
1561
1964
624
2417
134
2278
5962
3062
2908
290
4930
1900
7727
303
5151
5657
6068
4864
778
5035
3685
5308
135
2295
6251
7975
4519
3104
3622
4237
6501
4034
3050
2704
5013
3311
7141
6723
7808
1680
3987
2251
5503
3450
1313
5939
2671
4452
1965
641
2706
5047
3889
585
1754
5245
7255
470
7990
4774
7439
3598
3829
7756
796
5341
696
3641
4560
3801
7280
895
7024
4734
6759
229
3893
653
2910
324
5508
3535
2758
5931
2535
2140
3616
4135
4767
7320
1575
2202
4670
5671
6306
719
4032
3016
2126
3378
89
1513
1148
3134
4132
4716
6453
3218
5560
4419
1404
7486
4397
1030
1128
2794
6543
4748
6997
4275
7147
6825
1351
6585
5462
2753
5846
1090
2148
3752
6447
3116
3826
7705
8120
6984
4054
3390
293
4981
2767
6084
5136
5402
1733
4888
1186
3780
6923
3017
2143
3667
5002
3124
3962
1826
6469
3490
1993
1117
2607
3364
8042
5658
6085
5153
5691
6646
6499
4000
2472
1069
1791
5874
1566
2049
2069
2409
8189
8157
7613
6556
4969
2563
2616
3517
2452
729
4202
5906
2110
3106
3656
4815
8136
7256
487
88
1496
859
6412
2521
1902
7761
881
6786
688
3505
2248
5452
2583
2956
1106
2420
185
3145
4319
7895
3159
4557
3750
6413
2538
2191
4483
2492
1409
7571
5842
1022
992
482
3
51
867
6548
4833
251
4267
7011
4513
3002
1888
7523
5026
3532
2707
5064
4178
5498
3365
8059
5947
2807
6764
314
5338
645
2774
6203
7159
7029
4819
13
221
3757
6532
4561
3818
7569
5808
444
7548
5451
2566
2667
4384
809
5562
4453
1982
930
7619
6658
6703
7468
4091
4019
2795
6560
5037
3719
5886
1770
5517
3688
5359
1002
652
2893
35
595
1924
8135
7239
198
3366
8076
6236
7720
184
3128
4030
2982
1548
1743
5058
4076
3764
6651
6584
5445
2464
933
7670
7525
5060
4110
4342
95
1615
2882
8039
5607
5218
6796
858
6395
2232
5180
6150
6258
8094
6542
4731
6708
7553
5536
4011
2659
4248
6688
7213
7947
4043
3203
5305
84
1428
7894
3142
4268
7028
4802
7915
3499
2146
3718
5869
1481
604
2077
2545
2310
6506
4119
4495
2696
4877
999
601
2026
1678
3953
1673
3868
228
3876
364
6188
6904
2694
4843
421
7157
6995
4241
6569
5190
6320
957
8078
6270
107
1819
6350
1467
366
6222
7482
4329
8065
6049
4541
3478
1789
5840
988
414
7038
4972
2614
3483
1874
7285
980
278
4726
6623
6108
5544
4147
4971
2597
3194
5152
5674
6357
1586
2389
7849
2377
7645
7100
6026
4150
5022
3464
1551
1794
5925
2433
406
6902
2660
4265
6977
3935
1367
6857
1895
7642
7049
5159
5793
189
3213
5475
2974
1412
7622
6709
7570
5825
733
4270
7062
5380
1359
6721
7774
1102
2352
7220
8066
6066
4830
200
3400
463
7871
2751
5812
512
513
530
819
5732
7343
1966
658
2995
1769
5500
3399
446
7582
6029
4201
5889
1821
6384
2045
2001
1253
4919
1713
4548
3597
3812
7467
4074
3730
6073
4949
2223
5027
3549
2996
1786
5789
121
2057
2205
4721
6538
4663
5552
4283
7283
946
7891
3091
3401
480
8160
7664
7423
3326
7396
2867
7784
1272
5242
7204
7794
1442
8132
7188
7522
5009
3243
5985
3453
1364
6806
1028
1094
2216
4908
1526
1369
6891
2473
1086
2080
2596
3177
4863
761
4746
6963
3697
5512
3603
3914
1010
788
5205
6575
5292
8054
5862
1362
6772
450
7650
7185
7471
4142
4886
1152
3202
5288
7986
4706
6283
328
5576
4691
6028
4184
5600
5099
4773
7422
3309
7107
6145
6173
6649
6550
4867
829
5902
2042
1950
386
6562
5071
4297
7521
4992
2954
1072
1842
6741
8114
6882
2320
6676
7009
4479
2424
253
4301
7589
6148
6224
7516
4907
1509
1080
1978
862
6463
3388
259
4403
1132
2862
7699
8018
5250
7340
1915
7982
4638
5127
5249
7323
1626
3069
3027
2313
6557
4986
2852
7529
5128
5266
7612
6539
4680
5841
1005
703
3760
6583
5428
2175
4211
6059
4711
6368
1773
5568
4555
3716
5835
903
7160
7046
5108
4926
1832
6571
5224
6898
2592
3109
3707
5682
6493
3898
738
4355
316
5372
1223
4409
1234
4596
4413
1302
5752
7683
7746
626
2451
712
3913
993
499
292
4964
2478
1171
3525
2588
3041
2551
2412
49
833
5970
3198
5220
6830
1436
8030
5454
2617
3534
2741
5642
5813
529
802
5443
2430
355
6035
4303
7623
6726
7859
2547
2344
7084
5754
7717
133
2261
5673
6340
1297
5667
6238
7754
762
4763
7252
419
7123
6417
2606
3347
7753
745
4474
2339
6999
4309
7725
269
4573
4022
2846
7427
3394
361
6137
6037
4337
10
170
2890
8175
7919
3567
3302
6988
4122
4546
3563
3234
5832
852
6293
498
275
4675
5756
7751
711
3896
704
3777
6872
2150
3786
7025
4751
7048
5142
5504
3467
1602
2661
4282
7266
657
2978
1480
587
1788
5823
699
3692
5427
2158
3922
1146
3100
3554
3081
3231
5781
8176
7936
3856
24
408
6936
3238
5900
2008
1372
6942
3340
7634
6913
2847
7444
3683
5274
7748
660
3029
2347
7135
6621
6074
4966
2512
1749
5160
5810
478
8126
7086
5788
104
1768
5483
3110
3724
5971
3215
5509
3552
3047
2653
4146
4954
2308
6472
3541
2860
7665
7440
3615
4118
4478
2407
8155
7579
5978
3334
7532
5179
6133
5969
3181
4931
1917
8016
5216
6762
280
4760
7201
7743
575
1584
2355
7271
742
4423
1472
451
7667
7474
4193
5753
7700
8035
5539
4062
3526
2605
3330
7464
4023
2863
7716
116
1972
760
4729
6674
6975
3901
789
5222
6864
2014
1474
485
54
918
7415
3190
5084
4518
3087
3333
7515
4890
1220
4358
367
6239
7771
1051
1485
672
3233
5815
563
1380
7078
5652
5983
3419
786
5171
5997
3657
4832
234
3978
2098
2902
188
3196
5186
6252
7992
4808
8017
5233
7051
5193
6371
1824
6435
2912
358
6086
5170
5980
3368
8110
6814
1164
3406
565
1414
7656
7287
1014
856
6361
1654
3545
2928
630
2519
1868
7183
7437
3564
3251
6121
5765
7904
3312
7158
7012
4530
3291
6801
943
7840
2224
5044
3838
7909
3397
412
7004
4394
979
261
4437
1710
4497
2730
5455
2634
3823
7654
7253
436
7412
3139
4217
6161
6445
3082
3248
6070
4898
1356
6670
6907
2745
5710
6969
3799
7246
317
5389
1512
1131
2845
7410
3105
3639
4526
3223
5645
