58
3364
6719
4725
3747
4360
7150
5150
3824
635
4066
6480
7245
2469
3955
42
2436
2041
3704
1866
1745
2918
5424
3334
4979
2097
6952
1857
1223
5406
2290
1764
4020
3812
8130
4653
7762
7882
6651
781
4343
6164
5299
4275
2220
5895
6079
369
5020
4475
5629
7033
6555
3404
848
38
2204
4967
1401
7539
3139
1860
1397
7307
6065
7748
7070
510
5007
3721
2852
1596
2467
3839
1505
5380
782
4401
1337
3827
809
5967
2064
5038
5519
653
5110
1504
5322
5609
5873
4803
80
4640
7008
5105
1214
4884
4778
6821
2450
2853
1654
5831
2367
6230
936
5142
3360
6487
7651
1444
1842
353
4092
7988
4608
5152
3940
7363
1122
7739
6548
2998
1873
2151
1893
3311
3645
6635
8044
7856
5143
3418
1660
6179
6169
5589
4713
3051
4947
241
5787
8006
5652
176
2017
2312
3040
4309
4192
5597
5177
5390
1362
5277
2999
1931
5515
421
8036
7392
2804
7003
4815
776
4053
5726
4468
5223
8058
477
3093
7383
2282
1300
1681
7397
3094
7441
5646
8019
6406
2953
7454
6400
2605
3652
7041
7019
5743
5454
5074
7607
7083
1264
7784
967
6940
1161
1810
6688
2927
5946
846
8113
3667
7911
142
45
2610
3942
7479
7850
4795
7807
2301
2402
69
4002
2768
4915
6576
4622
5964
1890
3137
1744
2860
2060
4806
254
6541
2592
2898
4264
1582
1655
5889
5731
4758
5661
698
7720
5446
4610
5268
2477
4419
2381
7042
7077
916
3982
1608
3163
3252
223
4743
4791
7575
5227
99
5742
5396
1710
888
2358
5708
3424
2008
1790
5528
1175
2622
4638
6892
6568
4158
3625
5475
6292
4532
744
2197
4561
2426
1461
2828
204
3641
6403
2779
5553
2625
4812
602
2152
1951
6675
2173
3169
3600
4025
4102
377
5484
6814
2044
3878
3767
5520
711
283
32
1856
1165
2042
3762
5230
273
7643
980
7694
3938
7247
2585
2492
5289
3695
1344
4233
7975
3854
2375
6694
3275
1557
205
3699
1576
1307
2087
6372
981
7752
7302
5775
7310
6239
1458
2654
6494
8057
419
7920
664
5748
5744
5512
247
6135
3617
5011
3953
8117
3899
4985
2445
2563
1216
5000
3315
3877
3709
2156
2183
3749
4476
5687
2206
5083
8129
4595
4398
1163
1926
5225
8174
7205
149
451
1585
1829
7790
1315
2551
520
5587
4597
4514
7891
7173
6484
7477
7734
6258
2560
1042
3099
7731
6084
659
5458
5306
4681
1195
3782
6390
2025
2776
5379
724
1037
2809
7293
5253
1607
3105
8079
1695
18
1044
3215
6268
3140
1918
4761
5835
2599
3304
3239
7660
1966
7545
3487
5662
756
2893
3974
1144
824
6837
3378
7531
2675
7712
4982
2271
662
5632
7207
265
7179
6832
3088
7093
1844
469
2629
5044
5867
4455
4469
5281
3231
7196
7818
2939
6642
259
6831
3030
3729
3316
3935
7073
684
6908
7496
645
4646
7356
716
573
470
2687
217
4395
989
25
1450
2190
4155
3451
3574
2517
6739
5885
5499
7684
3358
6371
923
4388
583
1050
3563
1879
2499
5695
2670
7422
4544
1440
1610
3279
1789
5470
6002
4094
8104
3145
2208
5199
6666
1651
5657
466
2455
3143
2092
6662
1419
392
6354
8128
4537
1034
2635
5392
1478
3814
55
3190
4818
950
5954
1310
2261
82
4756
5545
2161
2473
4187
5307
4739
4559
2310
2924
5772
7136
4338
5874
4861
3444
3168
3542
661
5574
3843
1737
2454
3085
6919
8134
4885
4836
1994
978
7578
5401
2000
1326
3189
4760
5777
7426
4776
6705
3913
5797
395
6528
1838
121
7018
5685
2090
6546
2882
3336
5095
634
4008
3116
526
5935
208
3873
3477
5082
8071
1231
5870
4629
6370
865
1024
2055
4516
8007
5710
3540
545
7037
6787
478
3151
2556
810
6025
5428
3566
2053
4400
1279
463
2281
1242
6508
678
6560
3694
1286
869
1256
7320
6819
2334
4316
4598
4572
3064
5701
3018
3033
3903
5217
7710
4866
3734
3606
4373
7904
7927
1070
4723
3631
5823
1903
3891
4521
106
6148
4371
7788
1199
4014
3464
4328
5294
3985
1782
5064
7027
6207
7793
1489
4452
4295
3380
7647
1212
4768
6241
1574
1191
3550
1125
7913
258
6773
7857
5201
6782
188
2713
1725
1758
3672
10
580
876
1662
6295
4706
2645
5972
2354
5476
6350
7896
7463
6922
117
6786
420
7978
4028
4276
2278
1068
4607
5094
576
644
4588
3992
2188
4039
4914
6518
1258
7436
5356
7581
5575
3901
5101
982
7810
2475
4303
3844
1795
5818
1613
3453
3690
1054
3795
7144
4802
22
1276
289
380
5658
524
5819
1671
6817
2218
5779
7542
3313
3761
5172
5100
924
4446
3947
7769
97
5626
6859
4654
7820
3055
5179
5506
8090
2333
4258
1234
6044
6530
1954
6849
4074
6944
1393
7075
800
5445
4552
1904
3949
7885
6825
2682
8118
3957
158
973
7288
4963
1169
2274
836
7533
2791
6249
2038
3530
8156
6161
5125
2374
6636
8102
3029
3671
8143
5407
2348
5128
2548
346
3686
822
6721
4841
2284
1416
218
4453
4353
6744
6175
5937
324
2410
533
6341
7374
1760
3788
6738
5827
2135
965
6824
2624
4754
5429
3624
5417
2928
6004
4210
6641
201
3467
4502
7195
7760
7766
8114
3725
3084
6861
4770
6357
111
6438
4809
428
251
6367
691
7314
6471
6723
4957
821
6663
1477
3756
4882
4662
93
5394
1594
2351
5302
4449
4121
1479
3872
3419
1718
1352
4697
2123
269
7411
3906
5391
1420
450
1527
6656
1071
4781
6995
4351
6628
7638
690
7256
3107
4
232
5265
2303
2518
6797
1058
4027
4218
7105
2540
8073
1347
4407
1685
7629
168
1553
8164
6625
7464
6980
3481
5314
5145
3534
197
3235
7428
4892
5242
969
7056
7889
7057
7947
2230
6475
6955
2031
3124
990
83
4814
718
689
7198
7934
1476
3698
1518
6134
3559
1647
5425
3392
152
625
3486
5604
5583
4365
7440
5588
4655
7878
6419
3707
2040
3646
6693
3217
6384
1677
7165
6020
5138
3128
1222
5348
7117
3236
7486
65
3770
5694
2612
4058
6016
4906
6054
7110
2830
320
2178
3459
4038
4856
3154
2730
2711
1609
3221
6616
6942
1277
347
3744
4186
5249
1375
6031
5776
7368
1412
8177
7379
2050
4226
7569
4879
4488
6383
1619
3801
7492
413
7572
5053
6389
1967
7603
6851
4190
5481
6640
143
103
5974
2470
4013
3406
964
6766
7451
6226
704
8068
1057
3969
854
386
6006
4326
5178
5448
4726
3805
7724
5678
1684
7571
4995
3025
3439
2878
3104
8021
6522
1490
4510
7659
1908
4181
4959
937
5200
6724
5015
4185
5191
6202
7503
1051
3621
5243
1027
2229
6417
3591
3503
6590
5434
3914
5855
3759
5056
6563
3868
3187
4644
7240
2179
3517
7402
3384
7879
6477
7071
568
180
2249
7577
5343
6827
2798
6655
1013
1417
276
7817
2881
3278
1731
2106
7474
7560
4357
6976
3249
49
2842
1016
1591
2177
3401
674
6328
6620
7174
6542
2650
6262
2792
6307
5402
2058
4690
1717
1294
1333
3595
3735
3664
7737
6432
4461
4817
892
2590
2782
5727
4526
396
6586
5202
6840
3552
1241
6450
5505
8032
7160
5730
4700
2297
2170
2995
1699
250
6309
5518
595
1746
2976
597
1862
1513
5844
3121
816
6373
1039
2925
5830
2309
2866
2408
417
7804
2127
501
4485
6209
7909
26
1508
5554
2683
8176
7321
6877
5698
2844
1132
128
7424
4660
8168
6857
4538
1092
5999
3920
6203
7561
4415
2149
1777
4774
6589
5376
550
7327
7225
1309
2203
4909
6228
820
6605
6304
5228
157
915
3924
6435
4635
6718
4667
383
5832
2425
1403
7655
1676
7107
2656
6610
6594
5666
988
8158
6277
3662
7621
7895
7405
3558
1589
2061
4864
3618
5069
7317
6645
433
541
6805
1522
6366
633
3950
7943
1998
1210
4652
7704
4518
8123
4247
596
1804
6340
7316
6587
5260
2013
2080
5966
2006
1674
6991
4119
1363
5335
6363
459
2049
4168
4205
6351
7954
2636
5450
4842
2342
4780
6937
987
8100
2913
5134
2896
4148
3045
4599
4630
6428
4229
7743
6780
72
4176
4669
499
4369
7672
2662
6958
2205
5025
4765
6067
7864
5607
5757
6266
3024
3381
7705
4576
3296
2775
5321
5551
2509
6275
3546
893
2648
6146
4255
1060
4143
2755
4161
3799
7376
1876
2325
3794
7086
1438
1494
4742
4733
4211
6699
3565
1995
1036
2751
3929
6725
5073
7549
3719
2736
3059
5411
2580
2202
4851
2864
2292
1880
2557
868
1198
3956
100
5800
569
238
5613
6105
1877
2383
7158
5614
6163
5241
911
3692
1170
2332
4200
6061
7516
1805
6398
2489
5115
1794
5760
6440
4925
7156
5498
7626
8185
7843
4389
641
4414
2091
6604
6246
1864
1629
4381
177
2075
5676
1568
843
7939
1766
4136
2349
5186
5912
7065
220
4569
2890
3800
7434
5240
853
328
2642
5798
453
1701
366
4846
2574
1854
1049
3505
6706
3971
970
7114
3062
5585
4481
5977
2644
5914
7181
6948
1625
4149
3103
7963
3158
2962
7976
3912
5739
5222
8000
5304
4565
2658
6726
5131
2722
2247
7461
6806
1580
1539
7352
484
3499
6358
169
1611
3337
5153
3998
2536
7841
4273
2104
7358
832
7301
5717
3946
7711
4924
7098
2134
907
3460
4096
29
1682
7455
6458
5969
2180
3575
2575
1912
4413
2033
3240
7718
5330
6073
21
1218
5116
1852
933
4968
1459
2712
1667
6585
5144
3476
5024
4707
2703
1145
882
2010
1906
4065
6422
3881
3941
7421
4486
6267
3082
6745
6233
1110
7043
7135
4280
2510
6333
6910
7612
7373
1702
424
19
1102
6579
4796
7865
5665
930
4794
7749
7128
3874
3535
255
6599
5956
1426
798
5329
6015
4848
2690
391
6296
4764
6009
4500
7079
1032
2519
6855
4422
2555
752
2661
6900
7032
6497
40
2320
3504
6648
607
2442
2389
7506
1225
5522
827
7011
5279
3115
468
2571
1680
7339
7921
722
921
4272
2046
3994
2304
2576
1970
7777
561
7965
3274
1499
5032
5171
5042
5751
5918
7413
4022
3928
6667
1709
830
7185
7180
6890
6452
5621
6569
4216
6989
4003
2826
88
5104
1156
1520
6250
2096
6894
6684
2695
681
6734
5595
5061
6853
4306
4018
3696
1402
7597
6503
388
6122
2863
2234
6707
4029
4334
5642
7787
1141
650
4936
7794
1547
7816
2823
8105
3203
5572
3727
3200
5398
1826
7616
7605
6967
2727
2537
7899
7637
632
3892
4579
3470
4676
905
3344
5559
2973
423
8152
5929
8051
71
4118
1305
1971
7835
3925
6493
7999
5246
1201
4130
2001
1384
6553
3288
2311
2982
945
5664
872
1430
1030
2403
127
7366
1296
1449
2132
791
4923
7040
6961
2379
6926
349
3860
2723
2305
2634
5334
6305
5286
3521
7634
458
1991
804
5677
1626
4207
6467
6491
7883
6709
4145
2871
2698
855
444
1179
2854
1712
1004
895
2764
4683
1311
2319
3446
3284
2079
5908
6833
3146
2266
372
5194
6376
1213
4826
1414
102
5916
7297
5485
6872
5408
2406
301
1076
5071
7433
5182
5680
1800
6108
2051
4284
2742
3407
1022
1939
5979
2760
4451
4237
16
928
4678
1021
1881
2615
4232
7917
490
3847
1969
7719
5388
1246
6740
5943
672
6212
8083
1927
5283
3347
5733
4874
4198
5945
788
4749
5139
3186
4586
3876
3651
6983
3655
7215
729
1327
3247
8124
4305
3960
332
2874
2872
2756
4219
7163
5904
6601
6072
8154
6045
6588
5318
5377
608
2500
5753
6034
5950
1078
5187
5970
2238
6939
1103
6637
8160
6393
2199
4677
963
6708
4087
7698
4170
4321
4888
5010
3895
4753
5371
260
6889
6394
2257
8041
7682
3242
7834
3867
3129
1280
521
5645
7961
3042
4425
2729
2653
6436
4693
1891
3195
5108
1388
6785
362
4614
5500
7742
6722
4899
5648
8135
4943
9
522
5703
3134
1570
959
6476
7013
5395
1652
5715
3830
983
7868
5839
2831
378
5542
1987
572
412
7514
1689
7861
5433
3856
2491
5231
331
2816
7699
4228
7685
3416
1544
7642
922
4330
5410
2522
7029
6323
6330
6736
5711
3598
3909
5565
3321
4225
7511
1515
5960
1658
6063
7632
342
3454
3748
4418
2323
3678
358
4382
235
5439
4204
6293
4590
4108
725
1095
6173
5821
1787
5354
7465
7038
6845
3842
1679
7281
4557
2194
4387
525
5877
5035
5345
6943
1335
3711
2272
720
805
5735
4990
2735
3001
2047
4052
5668
1104
6695
3333
4921
6924
233
5323
5667
1046
3331
4805
196
3177
4064
6364
517
5413
2696
739
1907
4123
1595
2409
475
2977
655
5226
41
2378
6868
5176
5332
6189
6749
6465
6375
1155
1462
2886
3568
2169
2937
6526
1722
1584
1771
4426
2787
6017
4964
1227
5638
7555
4067
6538
2418
997
489
3789
6796
1000
663
5690
2380
6984
3713
2388
7448
6052
6994
4293
3264
919
4156
3509
6938
1045
3273
1441
1668
6643
317
2004
1558
263
7063
104
6032
5834
2541
8131
4711
2935
6410
3185
4528
512
5123
2258
8099
2855
1770
4368
7614
7489
239
5671
1278
405
7108
2714
1783
5122
2200
4735
4327
5236
621
3254
339
3280
1847
643
4530
628
3660
7505
1167
2158
2299
2286
1532
6946
1509
5612
6047
6704
3855
2433
1867
1803
6282
3952
8059
535
6457
5911
7007
5047
6041
6356
53
3074
6281
3894
4695
2007
1732
2164
2647
6088
891
2532
7609
7199
7992
4840
2226
6243
1690
7919
606
2384
7216
787
4691
1775
4658
8052
129
7482
8024
6696
3391
94
5452
4958
879
1836
5
290
438
831
7243
2353
5418
2986
1177
2738
3175
3948
7827
3461
4154
3393
210
3989
2014
2138
1139
534
6399
2547
288
322
2294
1996
1094
6115
2457
3259
629
3718
2678
7886
6883
6046
6646
491
3905
5333
6247
1922
4993
2909
4902
5822
1845
527
5993
3572
2401
11
638
4240
190
2829
262
7005
4931
7504
1109
6985
3771
5752
5976
2586
2550
462
2223
6069
7980
4144
2813
7525
2327
3910
5623
6685
2753
4045
5262
2129
617
3022
3265
977
7520
2037
3472
4792
7633
400
6818
2276
952
6070
8038
7508
1341
4059
6074
79
4582
3644
6577
4680
1137
418
7862
5491
7220
1019
1765
4078
7176
6658
1187
3318
4051
5610
5931
8167
6799
1174
2564
1274
173
1843
411
7456
6516
1142
708
109
6322
6272
3372
7183
7064
162
1205
4362
7266
3687
880
1894
3369
7009
5163
4578
3412
1312
2377
6810
1812
6804
1464
3002
2105
7416
4196
5829
2251
7693
3880
3883
4057
5958
1542
7526
2385
7274
4151
3219
6500
214
4221
7279
4441
3657
7331
7457
6574
4506
7427
4834
1878
2441
2331
4142
2697
797
5271
2651
6320
6156
4835
1936
5805
859
676
