0.0169309
0.895254
0.111491
0.939527
0.12823
0.178004
0.299827
0.349718
0.0592875
0.821979
0.881397
0.160073
0.647805
0.487916
0.314103
0.191399
0.944657
0.518844
0.26762
0.0326072
0.668071
0.682149
0.647559
0.721873
0.986361
0.726913
0.201254
0.182532
0.47041
0.767485
0.520651
0.596799
0.932966
0.204126
0.425133
0.385657
0.117685
0.785382
0.48518
0.121943
0.404028
0.807406
0.21709
0.067624
0.52326
0.317968
0.290486
0.54289
0.0982476
0.946295
0.738561
0.833296
0.187311
0.229888
0.70714
0.0118541
0.591174
0.461501
0.903745
0.0499329
0.969773
0.727118
0.105421
0.332619
0.814999
0.186118
0.522981
0.681109
0.586505
0.480908
0.713039
0.186551
0.712881
0.80156
0.658156
0.918119
0.494235
0.469236
0.62799
0.312947
0.40718
0.864061
0.908491
0.227903
0.0667373
0.250428
0.521744
0.636056
0.914524
0.065735
0.0504938
0.518727
0.407091
0.316143
0.932706
0.757082
0.46224
0.17574
0.534493
0.868819
0.685916
0.182816
0.911389
0.954461
0.415438
0.0276505
0.800377
0.930885
0.608305
0.982354
0.510439
0.176001
0.365783
0.0722553
0.995491
0.620834
0.189089
0.561295
0.47771
0.0229791
0.248892
0.645955
0.465194
0.645018
0.349543
0.460224
0.164022
0.154857
0.127449
0.592657
0.648578
0.0125911
0.834658
0.567736
0.19476
0.950683
0.796013
0.727265
0.589924
0.917443
0.512204
0.626669
0.387466
0.296099
0.370332
0.841725
0.385892
0.493029
0.724122
0.871292
0.136127
0.370307
0.0214353
0.455152
0.0130078
0.258075
0.868062
0.100328
0.256888
0.0919169
0.9869
0.536926
0.756125
0.985231
0.0525641
0.386824
0.597252
0.76455
0.848844
0.343652
0.4892
0.968395
0.38935
0.784129
0.714776
0.659876
0.542118
0.874507
0.21257
0.568615
0.863131
0.291824
0.54584
0.791356
0.578935
0.865365
0.509389
0.955551
0.917547
0.456087
0.747491
0.635372
0.122934
0.0387996
0.120192
0.402348
0.521884
0.251195
0.810631
0.715397
0.649912
0.182201
0.533983
0.00546424
0.23318
0.837049
0.824969
0.686194
0.985773
0.757306
0.567325
0.0164438
0.117753
0.737215
0.185715
0.86046
0.627777
0.949305
0.644856
0.681184
0.173419
0.107847
0.813245
0.211729
0.512946
0.113024
0.582272
0.288924
0.423694
0.371834
0.304069
0.746208
0.239335
0.334488
0.617789
0.448308
0.869605
0.501486
0.164593
0.0960656
0.790756
0.189668
0.625974
0.903576
0.314754
0.029862
0.590269
0.134591
0.443718
0.166133
0.613953
0.871598
0.0684088
0.855493
0.555623
0.969084
0.135535
0.450845
0.280011
0.00554784
0.347998
0.0793953
0.0530368
0.83657
0.27534
0.6338
0.186567
0.773236
0.839634
0.506139
0.366764
0.352494
0.42862
0.447254
0.251731
0.932445
0.644863
0.54731
0.538862
0.63659
0.918868
0.788995
0.425063
0.463027
0.0114098
0.437745
0.49945
0.809342
0.14263
0.700909
0.177707
0.220355
0.199377
0.0496838
0.964306
0.441148
0.64556
0.353385
0.0603279
0.887107
0.308726
0.677785
0.168972
0.11254
0.163098
0.0618635
0.644614
0.919271
0.846532
0.447601
0.98375
0.762504
0.952344
0.626659
0.453722
0.537926
0.560577
0.543566
0.185594
0.731498
0.563453
0.588739
0.400322
0.83626
0.774776
0.220935
0.836189
0.508546
0.269687
0.870173
0.773463
0.601952
0.454447
0.503878
0.953027
0.318656
0.579142
0.418583
0.786388
0.419217
0.886164
0.462715
0.983207
0.899498
0.757385
0.1546
0.947311
0.541971
0.547657
0.555475
0.346484
0.19754
0.97065
0.70212
0.254102
0.63515
0.0990089
0.647887
0.454944
0.834076
0.0814631
0.233819
0.698915
0.368219
0.991232
0.86812
0.998926
0.188635
0.0717357
0.183634
0.873383
0.815067
0.399197
0.613296
0.653643
0.998738
0.876655
0.234649
0.0571845
0.217694
0.158637
0.587463
0.607884
0.584497
0.311858
0.149076
0.230098
0.502545
0.0975229
0.662142
0.936419
0.438396
0.659276
0.690965
0.319724
0.274433
0.141793
0.506608
0.571064
0.180273
0.576992
0.977957
0.581188
0.441911
0.675369
0.396464
0.466728
0.249058
0.352728
0.948636
0.517365
0.189249
0.991725
0.668464
0.746327
0.973728
0.262745
0.723077
0.972916
0.65064
0.671191
0.115156
0.595147
0.778199
0.995381
0.449411
0.442859
0.383197
0.299475
0.622362
0.990188
0.237083
0.699804
0.84987
0.982328
0.465294
0.414967
0.965966
0.118848
0.91494
0.304992
0.123759
0.346593
0.50233
0.296242
0.591872
0.0935429
0.139559
0.0425304
0.815252
0.380418
0.277261
0.254056
0.363172
0.420263
0.507796
0.924004
0.641624
0.53702
0.537801
0.671088
0.989126
0.633294
0.176705
0.228218
0.0430136
0.985887
0.610341
0.75658
0.987518
0.0292329
0.576527
0.390433
0.758633
0.987238
0.629631
0.265537
0.900088
0.918362
0.11572
0.238082
0.115215
0.705059
0.642466
0.769656
0.883923
0.401438
0.550815
0.605659
0.315819
0.956007
0.989026
0.338089
0.964259
0.935571
0.923287
0.585913
0.125628
0.0862024
0.567696
0.515178
0.34265
0.0483011
0.300264
0.801232
0.930793
0.625499
0.314474
0.643395
0.125051
0.723142
0.236014
0.935991
0.954291
0.903669
0.383418
0.282063
0.108205
0.856572
0.206173
0.59482
0.0549459
0.0143341
0.506204
0.141472
0.63077
0.856148
0.105313
0.538979
0.170727
0.924945
0.213487
0.41762
0.807529
0.368668
0.92331
0.25165
0.452303
0.904171
0.137206
0.596297
0.742841
0.790721
0.524102
0.954149
0.702787
0.550918
0.635148
0.0474567
0.99068
0.948338
0.279716
0.142528
0.769872
0.556583
0.721779
0.208238
0.400193
0.327142
0.225476
0.907804
0.112726
0.216501
0.753272
0.583055
0.407714
0.884819
0.892945
0.332961
0.176409
0.373227
0.448926
0.731559
0.43959
0.792504
0.249974
0.228007
0.681719
0.377199
0.767751
0.543232
0.663119
0.709161
0.971816
0.173352
0.187044
0.919296
0.0273805
0.883776
0.615272
0.509145
0.419632
0.582369
0.654872
0.392545
0.370265
0.334622
0.431785
0.674653
0.105576
0.959105
0.296356
0.832082
0.305238
0.856335
0.140521
0.131867
0.458649
0.264463
0.0149721
0.00801376
0.299369
0.442137
0.689688
0.806139
0.990469
0.600892
0.433238
0.800032
0.864121
0.3405
0.793809
0.362748
0.0559686
0.371927
0.802315
0.534972
0.369334
0.602099
0.261019
0.223603
0.910297
0.723328
0.792421
0.839358
0.0537292
0.392129
0.215789
0.35061
0.476144
0.761398
0.986993
0.603565
0.772085
0.93902
0.597659
0.963711
0.521745
0.603131
0.98355
0.475116
0.545334
0.539718
0.293879
0.643796
0.675909
0.427015
0.191917
0.599176
0.523416
0.737781
0.258328
0.617821
0.560659
0.0424804
0.97969
0.491986
0.524997
0.361959
0.267998
0.752011
0.434723
0.157147
0.652056
0.276897
0.699564
0.500172
0.285349
0.293375
0.313933
0.11948
0.0988303
0.274785
0.459507
0.592534
0.105077
0.281766
0.81269
0.549384
0.355975
0.763297
0.326148
0.794203
0.803337
0.729187
0.509968
0.913962
0.204503
0.218309
0.701031
0.148113
0.663232
0.561974
0.612057
0.106395
0.849625
0.788197
0.235412
0.951026
0.513143
0.670872
0.617174
0.596793
0.0845907
0.178352
0.462358
0.793831
0.289892
0.197757
0.7763
0.201144
0.866201
0.0141021
0.620237
0.302204
0.4609
0.125082
0.780299
0.251608
0.923022
0.163002
0.976599
0.459053
0.60685
0.324425
0.968997
0.413386
0.995905
0.154657
0.605011
0.940354
0.972694
0.969718
0.648932
0.32958
0.0863834
0.88881
0.32241
0.749201
0.820928
0.438006
0.241033
0.142839
0.183872
0.401238
0.754583
0.937185
0.282473
0.620442
0.288444
0.734912
0.235179
0.994759
0.249892
0.80698
0.22047
0.584656
0.510463
0.0575033
0.52926
0.182631
0.879413
0.637392
0.0164016
0.810157
0.11716
0.244134
0.45973
0.994284
0.662344
0.49638
0.568216
0.947621
0.278082
0.176404
0.478664
0.0737334
0.112676
0.610468
0.86476
0.295756
0.423402
0.562544
0.502372
0.405556
0.351895
0.0634283
0.128134
0.664574
0.000584346
0.918303
0.121968
0.926447
0.794555
0.788834
0.199917
0.909039
0.659504
0.162587
0.549465
0.0431294
0.665719
0.56938
0.566357
0.204275
0.487609
0.921447
0.602594
0.670468
0.997149
0.844634
0.239867
0.284708
0.525268
0.897903
0.758533
0.327677
0.886144
0.613526
0.320392
0.290043
0.882085
0.589454
0.846991
0.925497
0.281973
0.384352
0.0115714
0.74277
0.360888
0.271015
0.273181
0.40548
0.166819
0.0311729
0.891703
0.889096
0.0800345
0.841944
0.0608226
0.123726
0.620896
0.520184
0.903121
0.821422
0.839266
0.35103
0.432756
0.334415
0.829131
0.974046
0.659249
0.0736972
0.890899
0.633902
0.540436
0.96525
0.951055
0.444728
0.303051
0.296176
0.964573
0.383402
0.179764
0.35129
0.198477
0.947179
0.0969415
0.271045
0.0356765
0.137798
0.464074
0.831112
0.626275
0.386447
0.62961
0.368966
0.311036
0.666319
0.158685
0.54402
0.519522
0.208782
0.736401
0.845114
0.675712
0.352705
0.493316
0.766435
0.268986
0.906538
0.705926
0.385995
0.314659
0.326138
0.543493
0.384952
0.908179
0.0788945
0.0105265
0.758063
0.931921
0.0690187
0.539904
0.400493
0.383294
0.706678
0.465454
0.0281392
0.495086
0.842855
0.581302
0.327509
0.892169
0.631776
0.553489
0.378878
0.264681
0.549522
0.777314
0.283357
0.301312
0.432282
0.815316
0.314765
0.69001
0.120872
0.465471
0.989843
0.558016
0.265546
0.0994548
0.504059
0.634011
0.201518
0.428553
0.00853908
0.970177
0.796643
0.516911
0.285129
0.83318
0.260797
0.537781
0.0897051
0.745608
0.58389
0.16259
0.20966
0.216614
0.723046
0.667278
0.0340397
0.99019
0.59491
0.540819
0.74133
0.761237
0.227521
0.394962
0.732818
0.364558
0.802407
0.599117
0.973366
0.259657
0.404149
0.826949
0.0451643
0.269918
0.777777
0.557414
0.491567
0.97853
0.128925
0.141868
0.352618
0.262134
0.563983
0.558673
0.500037
0.70136
0.546518
0.0417872
0.202115
0.823022
0.0712172
0.475065
0.547323
0.943714
0.196727
0.772213
0.318135
0.855894
0.991204
0.327508
0.154387
0.494061
0.705338
0.787688
0.897984
0.799114
0.0295003
0.88677
0.761056
0.909902
0.113185
0.345699
0.181118
0.491999
0.652227
0.765922
0.694346
0.206343
0.351879
0.457023
0.988778
0.875333
0.842301
0.153692
0.969245
0.0642922
0.358623
0.00387892
0.426535
0.532024
0.133258
0.58948
0.537681
0.371968
0.456606
0.861412
0.0504501
0.897485
0.601238
0.582098
0.779925
0.928381
0.166975
0.688794
0.209358
0.482222
0.0577177
0.48163
0.991315
0.713273
0.812903
0.268443
0.585363
0.832903
0.142021
0.732346
0.652151
0.368494
0.530221
0.971278
0.356835
0.00368287
0.815204
0.282968
0.337511
0.309584
0.633035
0.0160695
0.874123
0.661124
0.614205
0.475884
0.580715
0.33388
0.198484
0.40383
0.138627
0.803046
0.487611
0.183624
0.479255
0.21225
0.585613
0.772019
0.850863
0.871165
0.100283
0.632906
0.145017
0.278348
0.802531
0.399631
0.84605
0.45879
0.089596
0.869102
0.540061
0.0943469
0.135813
0.328533
0.14929
0.750818
0.548727
0.606599
0.521312
0.605448
0.630632
0.527227
0.313174
0.535795
0.350151
0.186924
0.486467
0.744222
0.0865553
0.359813
0.583291
0.503743
0.357115
0.829179
0.672268
0.635753
0.615338
0.307767
0.386112
0.633767
0.517671
0.193323
0.108886
0.436496
0.372168
0.663641
0.721714
0.176108
0.15489
0.139374
0.533879
0.947059
0.571008
0.177816
0.608246
0.49334
0.620326
0.154583
0.874999
0.694236
0.126964
0.049228
0.602291
0.25428
0.401926
0.347111
0.304261
0.0336406
0.106674
0.614542
0.930794
0.187663
0.608124
0.618346
0.902685
0.655606
0.535323
0.535017
0.324361
0.186763
0.298907
0.458073
0.0466592
0.00944364
0.38727
0.246888
0.106654
0.849035
0.573791
0.0418842
0.656391
0.773529
0.833779
0.305719
0.658409
0.841387
0.900233
0.763316
0.983823
0.616537
0.42827
0.609609
0.621239
0.551603
0.733449
0.110513
0.669307
0.731183
0.257523
0.350025
0.845578
0.576706
0.502872
0.957239
0.327839
0.25189
0.537618
0.52536
0.322456
0.262876
0.0107209
0.867252
0.473956
0.115068
0.361369
0.242885
0.231875
0.246298
0.577616
0.710262
0.171944
0.460379
0.00249361
0.75721
0.336372
0.755375
0.114032
0.00836047
0.999472
0.405161
0.840692
0.44802
0.738763
0.821187
0.124144
0.199458
0.349159
0.0709416
0.744692
0.35891
0.121211
0.884984
0.285011
0.558088
0.424355
0.994055
0.128289
0.140037
0.465887
0.380951
0.850836
0.814346
0.850142
0.854964
0.161025
0.299102
0.833525
0.12611
0.190762
0.149007
0.181366
0.625416
0.062508
0.145678
0.90724
0.891389
0.127323
0.120668
0.725814
0.10786
0.0776463
0.318721
0.0705782
0.87611
0.182588
0.150508
0.0802614
0.354633
0.894879
0.33249
0.0545741
0.475562
0.69369
0.354936
0.986763
0.44123
0.00102621
0.946205
0.531938
0.936302
0.129022
0.825724
0.158155
0.381212
0.478701
0.868356
0.851638
0.357585
0.181561
0.0048136
0.0684062
0.602695
0.631074
0.882487
0.711338
0.583788
0.800961
0.454672
0.13615
0.587
0.515788
0.554216
0.0561305
0.947247
0.250181
0.726907
0.239432
0.161906
0.337171
0.458902
0.48136
0.262861
0.421377
0.155415
0.528384
0.49512
0.801537
0.0821834
0.686595
0.0278928
0.916672
0.951914
0.0238907
0.300802
0.755929
0.209996
0.802435
0.724676
0.393156
0.295563
0.597755
0.112928
0.819355
0.0245341
0.44367
0.777005
0.346095
0.858094
0.988779
0.244606
0.526677
0.700222
0.75864
0.318834
0.675735
0.0610874
0.84527
0.916799
0.800168
0.706539
0.33934
0.718288
0.996762
0.599056
0.594408
0.70396
0.349851
0.736121
0.700608
0.215051
0.90041
0.446083
0.683409
0.417785
0.855123
0.0205177
0.864091
0.533988
0.615994
0.926179
0.725042
0.475124
0.0227935
0.70248
0.0374482
0.595419
0.328281
0.558888
0.882056
0.0231451
0.823657
0.150867
0.0867755
0.524011
0.176301
0.114472
0.179052
0.863065
0.778719
0.201895
0.803149
0.441866
0.994167
0.708385
0.652445
0.327325
0.680589
0.72949
0.917983
0.693694
0.490554
0.6678
0.371299
0.777663
0.0441712
0.591782
0.0681716
0.458857
0.99961
0.736634
0.413136
0.852877
0.890089
0.910156
0.74919
0.0313322
0.449283
0.738319
0.969828
0.733597
0.173179
0.641458
0.859364
0.650438
0.349478
0.597361
0.831568
0.165034
0.159908
0.337284
0.762547
0.445024
0.0173914
0.601985
0.00125555
0.166234
0.108029
0.885189
0.362637
0.48108
0.949126
0.520733
0.547752
0.192514
0.0950598
0.0533101
0.805209
0.580174
0.943827
0.551294
0.1285
0.474545
0.511114
0.0135988
0.0910032
0.250975
0.54609
0.86024
0.612683
0.370308
0.0745564
0.578839
0.162493
0.210405
0.863872
0.179763
0.490695
0.74166
0.32872
0.218584
0.0797631
0.477412
0.278987
0.0529428
0.999828
0.66885
0.153085
0.299518
0.667986
0.642181
0.222168
0.364532
0.947815
0.873718
0.946938
0.58844
0.775135
0.619795
0.941387
0.601338
0.987564
0.877428
0.238924
0.0740217
0.994391
0.0509814
0.628324
0.404298
0.443729
0.43723
0.0471203
0.929603
0.398362
0.215563
0.742264
0.971197
0.0314645
0.473728
0.512969
0.46977
0.325725
0.36398
0.292855
0.299655
0.876643
0.20777
0.228222
0.941974
0.978008
0.757419
0.460969
0.351676
0.0987911
0.163419
0.809763
0.361955
0.373022
0.130119
0.578829
0.674518
0.921072
0.230021
0.426849
0.493959
0.0285705
0.791046
0.464735
0.990627
0.842216
0.169918
0.434769
0.891883
0.317252
0.970486
0.786432
0.70505
0.70478
0.766972
0.421546
0.792746
0.965732
0.552114
0.0761443
0.293161
0.885116
0.0371566
0.55905
0.198995
0.385973
0.686145
0.029181
0.198319
0.485857
0.622273
0.750893
0.531604
0.942586
0.763779
0.536533
0.461598
0.439622
0.72582
0.134668
0.448548
0.629909
0.680465
0.572612
0.0764506
0.883127
0.089614
0.35532
0.220119
0.976783
0.296666
0.74217
0.789114
0.0455411
0.561255
0.7324
0.580162
0.113622
0.138739
0.630428
0.516853
0.250307
0.331515
0.915621
0.46386
0.884557
0.583619
0.126964
0.963307
0.802141
0.417622
0.492689
0.262059
0.69229
0.372174
0.892313
0.442301
0.872627
0.277566
0.406662
0.124767
0.173134
0.0664224
0.491709
0.592967
0.0639981
0.206349
0.463232
0.23469
0.243487
0.771647
0.606557
0.292922
0.155798
0.492511
0.0232929
0.820753
0.190506
0.128198
0.519288
0.0627605
0.403565
0.331369
0.646008
0.510086
0.19616
0.459019
0.466434
0.962992
0.518775
0.991187
0.875238
0.833625
0.528934
0.788047
0.1433
0.40224
0.878828
0.827911
0.836916
0.836609
0.0213896
0.487248
0.927922
0.664069
0.504229
0.199368
0.0430833
0.784392
0.969856
0.141495
0.510301
0.872066
0.598451
0.840291
0.340089
0.41848
0.288048
0.489339
0.169538
0.0347552
0.00470862
0.279421
0.600385
0.93064
0.373779
0.0471436
0.378703
0.415849
0.542799
0.834549
0.111822
0.0171783
0.0886196
0.806552
0.098012
0.388946
0.450146
0.458502
0.163459
0.982107
0.112763
0.857189
0.82153
0.445894
0.186252
0.078885
0.536749
0.841199
0.78204
0.284217
0.162994
0.446272
0.840502
0.0921757
0.210289
0.709003
0.664761
0.823318
0.562872
0.591434
0.158385
0.187044
0.888442
0.976942
0.0687744
0.218305
0.84403
0.581467
0.203981
0.759959
0.449529
0.718162
0.488448
0.0763039
0.130589
0.893007
0.361575
0.234727
0.474228
0.640663
0.161066
0.470977
0.29905
0.361813
0.1215
0.54994
0.753357
0.517339
0.390514
0.616471
0.674165
0.0717687
0.29043
0.6019
0.279829
0.0152842
0.611869
0.168114
0.387523
0.560215
0.401067
0.283587
0.0464059
0.719672
0.187234
0.175791
0.348559
0.592081
0.552831
0.0558401
0.934353
0.268621
0.245724
0.354929
0.805479
0.314029
0.607398
0.0453245
0.136556
0.590332
0.0126213
0.485537
0.00794194
0.617226
0.767025
0.208709
0.295893
0.960939
0.789529
0.950408
0.281327
0.30595
0.435695
0.166874
0.94925
0.436569
0.926504
0.99977
0.122611
0.861791
0.0442259
0.18193
0.146995
0.412899
0.177575
0.342229
0.880234
0.867563
0.829419
0.960884
0.0319571
0.204748
0.252566
0.597628
0.784462
0.985429
0.439652
0.118331
0.634021
0.856508
0.839152
0.586342
0.0186309
0.146288
0.172346
0.185114
0.839233
0.245017
0.905486
0.661292
0.418697
0.410947
0.0711675
0.0315202
0.612411
0.580511
0.376749
0.757181
0.145538
0.828428
0.989706
0.0797354
0.971798
0.0974848
0.343436
0.329684
0.96439
0.570643
0.643311
0.585481
0.242966
0.705222
0.593558
0.756304
0.800582
0.941483
0.629164
0.281196
0.678352
0.0712529
0.350252
0.943848
0.900297
0.801742
0.532479
0.99155
0.448357
0.589703
0.563827
0.406497
0.00840502
0.141526
0.613774
0.360975
0.720297
0.987604
0.860883
0.264974
0.927633
0.406987
0.0932625
0.217123
0.672436
0.553551
0.856558
0.107671
0.959732
0.643343
0.338337
0.574453
0.453726
0.990278
0.810458
0.205877
0.917984
0.798697
0.578136
0.774941
0.0929299
0.0396924
0.609076
0.814184
0.774948
0.863189
0.898092
0.401924
0.483195
0.743446
0.622081
0.912247
0.304708
0.364901
0.696813
0.731136
0.416193
0.666991
0.770914
0.534378
0.807096
0.982318
0.305059
0.985727
0.776453
0.16854
0.379045
0.665224
0.850078
0.484045
0.597945
0.278413
0.135185
0.0280285
0.604847
0.148061
0.18804
0.64191
0.850716
0.645265
0.74594
0.311894
0.931119
0.820625
0.734755
0.919866
0.0529947
0.618626
0.350622
0.45911
0.0989574
0.445956
0.597089
0.94957
0.742401
0.271212
0.417561
0.136905
0.934246
0.660493
0.780056
0.928471
0.337534
0.0819662
0.332863
0.0767516
0.157719
0.845087
0.915211
0.810702
0.436814
0.465481
0.85462
0.0735443
0.14115
0.44857
0.357412
0.731395
0.0299164
0.262729
0.820744
0.128953
0.263695
0.0982397
0.825759
0.969125
0.40483
0.125091
0.962591
0.327332
0.228996
0.960829
0.943907
0.422636
0.832279
0.529482
0.397962
0.587116
0.869672
0.196203
0.632745
0.9047
0.521429
0.514315
0.470939
0.377105
0.105785
0.484552
0.665241
0.833009
0.330468
0.117732
0.601672
0.492277
0.915704
0.979566
0.00857612
0.330505
0.48268
0.0102825
0.109229
0.936158
0.547579
0.11225
0.0601523
0.941534
0.0160461
0.728486
0.116997
0.749494
0.0585264
0.172282
0.0462608
0.968519
0.65707
0.347953
0.355941
0.838518
0.364863
0.13978
0.913382
0.796109
0.093065
0.692834
0.880548
0.570941
0.394054
0.548018
0.925293
0.327958
0.768446
0.475577
0.996081
0.257378
0.324521
0.0908889
0.726838
0.556197
0.799674
0.192498
0.296741
0.374121
0.160491
0.00752576
0.502966
0.0605585
0.0427158
0.414118
0.312098
0.676187
0.553572
0.819614
0.608564
0.691603
0.0777577
0.167943
0.664024
0.191766
0.304767
0.767734
0.935816
0.357785
0.441732
0.707069
0.232101
0.174759
0.851745
0.0910027
0.251012
0.55273
0.378672
0.744382
0.93992
0.23525
0.693872
0.542616
0.124012
0.309854
0.250737
0.366908
0.62171
0.571621
0.32312
0.877019
0.26742
0.140848
0.833831
0.16252
0.939414
0.00309171
0.588866
0.420087
0.65905
0.529339
0.563971
0.0469847
0.0283479
0.917983
0.756692
0.656431
0.31664
0.0116516
0.938661
0.814045
0.0311527
0.500922
0.127345
0.239039
0.801814
0.717724
0.196391
0.246593
0.341216
0.717513
0.898061
0.24102
0.718076
0.308209
0.740966
0.877478
0.535002
0.823649
0.826119
0.881156
0.381466
0.307434
0.470788
0.634711
0.419379
0.27312
0.576828
0.816043
0.586487
0.61149
0.560562
0.623223
0.38906
0.754507
0.276872
0.392896
0.0803331
0.625351
0.511432
0.308523
0.144992
0.616348
0.935742
0.187979
0.617013
0.605131
0.105848
0.330813
0.962296
0.984299
0.459112
0.292757
0.918635
0.250387
0.479227
0.568229
0.417825
0.846816
0.17411
0.15357
0.0745253
0.0061551
0.590695
0.623222
0.520459
0.999779
0.00567527
0.502281
0.557239
0.316408
0.403472
0.163753
0.0836157
0.895506
0.446657
0.621406
0.283839
0.157077
0.223253
0.737645
0.509236
0.910928
0.292882
0.818498
0.334851
0.560918
0.713679
0.472666
0.045004
0.244074
0.211431
0.437
0.721103
0.927505
0.0351272
0.0899595
0.902265
0.963278
0.873794
0.0295335
0.369942
0.966923
0.529959
0.822183
0.936527
0.323353
0.0771086
0.993074
0.0599934
0.564835
0.547137
0.773166
0.410693
0.631254
0.431082
0.284696
0.784248
0.772347
0.826477
0.572306
0.237525
0.0866254
0.537872
0.0622944
0.439411
0.698671
0.110667
0.670812
0.727535
0.171275
0.653702
0.51771
0.210329
0.689276
0.400304
0.164165
0.711974
0.110508
0.858045
0.472253
0.259365
0.574468
0.452507
0.383419
0.714438
0.61276
0.894172
0.866216
0.623923
0.0108545
0.458477
0.21289
0.604949
0.375822
0.142465
0.895411
0.587273
0.41212
0.753832
0.6526
0.403172
0.889217
0.72917
0.360255
0.366515
0.527191
0.0660129
0.432828
0.919106
0.9547
0.623278
0.0898355
0.417427
0.25315
0.6487
0.440798
0.37646
0.698381
0.651438
0.34532
0.68575
0.1048
0.83407
0.452382
0.559902
0.490328
0.0709371
0.181247
0.218635
0.279836
0.00272642
0.133113
0.797552
0.350697
0.567417
0.642834
0.643103
0.0779523
0.628879
0.844781
0.352514
0.756679
0.936745
0.919288
0.601721
0.291227
0.116658
0.387117
0.870133
0.977725
0.38496
0.372075
0.271632
0.0379778
0.203277
0.471807
0.559561
0.706493
0.109022
0.198439
0.411423
0.7983
0.579307
0.498909
0.614691
0.224196
0.614516
0.528131
0.148516
0.744363
0.968789
0.0653067
0.444118
0.57033
0.565325
0.190104
0.0622794
0.236635
0.156116
0.388362
0.277125
0.993407
0.478666
0.448252
0.676765
0.27601
0.421031
0.22365
0.646223
0.385855
0.833631
0.322569
0.352427
0.932644
0.259006
0.920278
0.792147
0.888769
0.299637
0.780444
0.579487
0.903756
0.362236
0.468195
0.0362658
0.403056
0.850826
0.065322
0.772589
0.853671
0.423495
0.341142
0.569476
0.687839
0.47062
0.420307
0.0523251
0.931993
0.357255
0.445886
0.641585
0.421105
0.172025
0.761805
0.156687
0.586861
0.896724
0.280439
0.72979
0.519605
0.7517
0.194663
0.383333
0.35153
0.422127
0.0935202
0.539703
0.814845
0.0524308
0.609398
0.244092
0.725893
0.894427
0.432277
0.178691
0.778518
0.883516
0.0333347
0.816242
0.499407
0.746662
0.370566
0.531037
0.787935
0.389338
0.32666
0.286644
0.864692
0.44514
0.730358
0.015397
0.598475
0.164313
0.61903
0.866074
0.0707923
0.00567475
0.563652
0.702551
0.731658
0.0772552
0.855764
0.145926
0.629423
0.997633
0.728553
0.972879
0.599401
0.283903
0.506822
0.0915234
0.608147
0.996746
0.16684
0.90338
0.442578
0.783027
0.478805
0.47529
0.297529
0.295092
0.0419539
0.638614
0.257179
0.801485
0.438795
0.320489
0.700527
0.374173
0.334355
0.0557958
0.858325
0.0812659
0.696959
0.139916
0.133109
0.242854
0.0210028
0.0289107
0.195223
0.017045
0.0605499
0.865305
0.053764
0.183221
0.583274
0.598265
0.627039
0.433767
0.3464
0.842317
0.664403
0.346484
0.78614
0.1723
0.386532
0.960167
0.82413
0.102226
0.904967
0.22393
0.442684
0.563995
0.34014
0.215114
0.219854
0.961252
0.302898
0.646436
0.76909
0.561941
0.164252
0.268421
0.224394
0.701122
0.747674
0.289096
0.0205234
0.29342
0.291313
0.866387
0.284727
0.787864
0.638064
0.238568
0.423019
0.658616
0.221262
0.95853
0.724346
0.303353
0.730273
0.632148
0.751938
0.880411
0.558165
0.38893
0.758851
0.824771
0.558237
0.670442
0.459576
0.226088
0.706109
0.80578
0.457442
0.218249
0.346725
0.633084
0.784706
0.707992
0.987291
0.514469
0.00907724
0.260479
0.436889
0.940271
0.830796
0.4607
0.227191
0.273448
0.511955
0.301739
0.528643
0.912271
0.90629
0.590002
0.391056
0.985634
0.0433218
0.430125
0.174318
0.840744
0.37628
0.719954
0.670052
0.712719
0.668952
0.369763
0.786054
0.122363
0.637001
0.566292
0.199495
0.134532
0.255059
0.0220456
0.544527
0.960405
0.527832
0.271559
0.0102448
0.526957
0.283863
0.282489
0.63078
0.764142
0.840294
0.801395
0.201834
0.353242
0.869023
0.119709
0.0243206
0.673127
0.594498
0.680952
0.0762968
0.0276145
0.175863
0.883371
0.463155
0.704466
0.603769
0.846133
0.902157
0.35237
0.515438
0.0140297
0.0827318
0.786313
0.105233
0.174443
0.240127
0.887862
0.266866
0.596987
0.663842
0.42535
0.625814
0.865077
0.927202
0.87593
0.621593
0.458743
0.257174
0.785757
0.660579
0.227749
0.044175
0.0799007
0.629583
0.466575
0.929436
0.160065
0.707751
0.849547
0.983785
0.990278
0.959869
0.999737
0.305376
0.442986
0.577083
0.258034
0.0339909
0.915278
0.553966
0.808125
0.0759135
0.155324
0.390725
0.522611
0.59425
0.0757472
0.894755
0.12058
0.140175
0.0677845
0.0905611
0.477618
0.961158
0.403598
0.176079
0.0974663
0.406999
0.305587
0.43519
0.963667
0.524579
0.380002
0.89205
0.877994
0.148565
0.659441
0.3538
0.0412523
0.656568
0.0951719
0.562225
0.567472
0.817122
0.102863
0.953454
0.834436
0.73491
0.346608
0.510923
0.549724
0.25538
0.228874
0.683218
0.352072
0.892268
0.90666
0.574631
0.699673
0.815309
0.198407
0.959913
0.801874
0.221443
0.0108911
0.547843
0.89229
0.717336
0.96425
0.82267
0.548644
0.71775
0.707601
0.573074
0.156681
0.317227
0.771533
0.472774
0.894242
0.279264
0.956985
0.348524
0.378372
0.531632
0.545751
0.920451
0.28351
0.126575
0.0865099
0.40201
0.510021
0.514491
0.684989
0.39031
0.851954
0.317191
0.725273
0.902093
0.639989
0.0445634
0.53091
0.326312
0.892718
0.734136
0.0169637
0.957843
0.765296
0.604273
0.733561
0.550687
0.630593
0.668943
0.410069
0.0832234
0.34863
0.454932
0.959965
0.78159
0.10626
0.239791
0.0185393
0.342817
0.0766757
0.725062
0.24513
0.439391
0.658258
0.520377
0.447854
0.299747
0.578464
0.478126
0.225771
0.420517
0.615319
0.306569
0.601471
0.00257675
0.304345
0.324289
0.461894
0.948913
0.441537
0.20871
0.942206
0.139659
0.951528
0.890716
0.734007
0.485884
0.307077
0.895504
0.689807
0.0563626
0.549162
0.0683742
0.660378
0.370352
0.964915
0.742156
0.103184
0.555828
0.816191
0.941613
0.601568
0.508663
0.883331
0.0922128
0.676536
0.0480766
0.182961
0.861434
0.192917
0.318558
0.289798
0.661252
0.856022
0.959543
0.0469821
0.845943
0.77988
0.390583
0.155777
0.952391
0.377591
0.0584414
0.0337396
0.182067
0.274336
0.909686
0.0154568
0.677378
0.133626
0.391513
0.407854
0.68225
0.920611
0.271186
0.0133555
0.568431
0.114966
0.0846669
0.817991
0.963327
0.267025
0.778454
0.909531
0.799459
0.35647
0.515004
0.91537
0.860324
0.675635
0.014473
0.764258
0.327598
0.542751
0.928647
0.0589893
0.027018
0.398839
0.355724
0.819066
0.470472
0.621194
0.078182
0.258756
0.540811
0.927679
0.8704
0.781253
0.19181
0.965887
0.657098
0.770549
0.901022
0.633545
0.866465
0.277952
0.70509
0.711727
0.0183056
0.916689
0.04115
0.231066
0.321107
0.0185852
0.787256
0.102963
0.890802
0.148306
0.801867
0.739223
0.158594
0.894115
0.468883
0.585795
0.417756
0.630138
0.466895
0.822318
0.714846
0.16257
0.910516
0.850924
0.63765
0.392049
0.98757
0.818617
0.355029
0.253588
0.669464
0.719125
0.799764
0.0670874
0.268977
0.258063
0.0783055
0.908621
0.386478
0.590464
0.700814
0.169962
0.645335
0.828888
0.400709
0.674519
0.0365143
0.426821
0.848903
0.980004
0.684986
0.522209
0.324655
0.106893
0.372789
0.594692
0.616561
0.28
0.14527
0.324721
0.0321673
0.424903
0.814533
0.445526
0.972309
0.89691
0.039634
0.207888
0.110034
0.88857
0.291885
0.546966
0.68488
0.886234
0.921886
0.631491
0.654276
0.542705
0.832009
0.125283
0.669891
0.637438
0.0257332
0.730531
0.458292
0.439966
0.270576
0.551765
0.822205
0.798943
0.141642
0.802991
0.877789
0.648497
0.174905
0.345338
0.470646
0.552759
0.559138
0.846509
0.179604
0.765389
0.923203
0.612055
0.281201
0.516728
0.551555
0.951923
0.205196
0.459124
0.762236
0.75695
0.546112
0.080733
0.247644
0.258858
0.303102
0.900322
0.850027
0.867691
0.262273
0.403213
0.519342
0.762163
0.571981
0.957032
0.772505
0.495675
0.543642
0.0661776
0.365842
0.872864
0.939138
0.16131
0.394091
0.325757
0.448395
0.0704517
0.310216
0.659521
0.833378
0.516244
0.228266
0.354255
0.688245
0.18711
0.246234
0.404861
0.720563
0.946702
0.411863
0.671814
0.901872
0.818879
0.994202
0.581342
0.585145
0.170984
0.375544
0.577566
0.254653
0.823166
0.617689
0.381728
0.918159
0.634305
0.661216
0.189724
0.811377
0.461536
0.37048
0.206028
0.259374
0.919024
0.108633
0.516804
0.658884
0.578496
0.808901
0.891995
0.479551
0.965865
0.423408
0.040418
0.24204
0.420293
0.94334
0.606047
0.952129
0.363858
0.993934
0.830436
0.0168041
0.650926
0.825593
0.209324
0.60894
0.637616
0.826725
0.747361
0.320579
0.954974
0.636763
0.509892
0.928532
0.0546418
0.0684001
0.325263
0.971171
0.619856
0.357541
0.932771
0.270888
0.312627
0.235819
0.126949
0.736924
0.656836
0.904154
0.567696
0.448854
0.0033843
0.481514
0.886726
0.145891
0.568489
0.591953
0.567554
0.878354
0.785022
0.39064
0.278204
0.529477
0.843571
0.62788
0.681424
0.0241081
0.408405
0.437357
0.729751
0.415188
0.322453
0.366035
0.0938335
0.319028
0.0814053
0.31649
0.544175
0.67493
0.511339
0.187716
0.293138
0.0351798
0.86872
0.125397
0.0305494
0.306634
0.768077
0.804967
0.86271
0.807305
0.28454
0.762685
0.902798
0.609699
0.091533
0.89254
0.934591
0.711486
0.924732
0.352959
0.846456
0.303017
0.582654
0.369678
0.981716
0.52399
0.131015
0.139529
0.459551
0.0842568
0.895042
0.906991
0.640878
0.881098
0.42123
0.304619
0.327515
0.280618
0.572367
0.949606
0.633173
0.873083
0.067839
0.892939
0.985946
0.0890657
0.386887
0.299662
0.354243
0.797902
0.277097
0.837594
0.900883
0.924741
0.592644
0.272265
0.893237
0.342423
0.147723
0.560898
0.931336
0.749507
0.720907
0.223134
0.0773348
0.914543
0.833107
0.87208
0.352592
0.700081
0.955301
0.00338852
0.625007
0.59902
0.168017
0.171248
0.373123
0.424695
0.303008
0.351005
0.951684
0.328051
0.832912
0.900782
0.39115
0.341724
0.736116
0.387839
0.65736
0.925824
0.308951
0.29778
0.994965
0.531363
0.211197
0.964519
0.201136
0.301586
0.102625
0.468433
0.667984
0.663751
0.530821
0.771314
0.912538
0.254515
0.460671
0.614577
0.619862
0.910385
0.742064
0.88666
0.499603
0.0913356
0.373061
0.482858
0.502322
0.868049
0.597286
0.209951
0.857044
0.630328
0.35066
0.700505
0.374674
0.6354
0.0974259
0.223749
0.247529
0.468919
0.274437
0.232347
0.165959
0.373912
0.173728
0.754561
0.171597
0.793523
0.257842
0.458481
0.444586
0.613064
0.766998
0.504259
0.767739
0.689604
0.611211
0.947065
0.519502
0.933251
0.389175
0.1994
0.583699
0.156066
0.254523
0.239629
0.78018
0.412945
0.503013
0.395531
0.386212
0.646395
0.368766
0.83677
0.308445
0.607244
0.346247
0.454931
0.972856
0.848142
0.571427
0.205599
0.430184
0.697087
0.813902
0.0637395
0.133872
0.0559685
0.0120273
0.874944
0.312888
0.543017
0.0459773
0.0845219
0.138835
0.0658842
0.758439
0.38035
0.10628
0.266689
0.868813
0.645576
0.177306
0.203707
0.0563244
0.622321
0.810034
0.449417
0.911223
0.790427
0.243465
0.554329
0.334959
0.227866
0.850881
0.985014
0.136997
0.282286
0.270578
0.904897
0.21237
0.0475121
0.062879
0.928222
0.765521
0.865421
0.754289
0.868421
0.438732
0.713758
0.148868
0.598538
0.748038
0.840279
0.207382
0.940986
0.479458
0.887501
0.108435
0.333556
0.874317
0.638754
0.742884
0.457944
0.775259
0.237696
0.17858
0.270977
0.513306
0.162783
0.583044
0.735433
0.678809
0.73381
0.996029
0.241399
0.566973
0.529417
0.128359
0.270115
0.234065
0.396099
0.278128
0.946124
0.856387
0.335223
0.812446
0.286546
0.234201
0.95323
0.897938
0.0659236
0.467714
0.722311
0.578099
0.574993
0.633015
0.628201
0.732122
0.488581
0.248042
0.986309
0.194674
0.689428
0.561817
0.460255
0.593498
0.452662
0.480481
0.442882
0.334294
0.812639
0.726866
0.906567
0.133426
0.956754
0.411596
0.145657
0.446869
0.843525
0.411627
0.870046
0.316364
0.175444
0.31641
0.264808
0.910891
0.367515
0.883861
0.671514
0.160298
0.182606
0.586017
0.643243
0.660279
0.295358
0.435798
0.125856
0.18769
0.153534
0.812735
0.502178
0.430691
0.585086
0.734047
0.892012
0.80889
0.0437297
0.395335
0.476184
0.89321
0.179185
0.688242
0.189811
0.905856
0.319608
0.155102
0.0921607
0.971821
0.10085
0.102702
0.381316
0.517791
0.544079
0.881998
0.493178
0.723225
0.268698
0.754915
0.78986
0.418972
0.0412843
0.783097
0.779903
0.494045
0.180516
0.250951
0.0446719
0.622972
0.973034
0.052774
0.386491
0.917376
0.913707
0.652149
0.435933
0.565382
0.379334
0.0600332
0.842222
0.227984
0.952395
0.994552
0.79308
0.259049
0.12102
0.287483
0.400703
0.762574
0.51467
0.270804
0.579002
0.40343
0.00405523
0.50065
0.202475
0.110069
0.884985
0.840626
0.698854
0.886915
0.787047
0.429262
0.685689
0.729805
0.650638
0.642186
0.993998
0.0531861
0.923469
0.0409486
0.0543461
0.795242
0.055111
0.909487
0.690446
0.318948
0.718242
0.829375
0.335684
0.83823
0.383484
0.733961
0.187683
0.881794
0.875986
0.470902
0.612216
0.771877
0.586794
0.107554
0.653839
0.134634
0.922748
0.350603
0.671921
0.682267
0.366139
0.679136
0.674424
0.971481
0.860714
0.0347507
0.423974
0.48516
0.732912
0.547761
0.558101
0.956383
0.438888
0.891496
0.683255
0.102489
0.170396
0.878731
0.772099
0.457999
0.193569
0.961426
0.525499
0.318768
0.986183
0.720597
0.968268
0.383502
0.0933564
0.798713
0.453077
0.457794
0.297788
0.940841
0.142091
0.317294
0.981643
0.98527
0.676156
0.270203
0.70269
0.334834
0.116657
0.242973
0.238954
0.273981
0.806465
0.739504
0.855548
0.275444
0.288615
0.354799
0.922593
0.827081
0.0399647
0.699936
0.861191
0.305496
0.686324
0.550388
0.0499584
0.114593
0.27907
0.758991
0.760471
0.0714534
0.56193
0.33142
0.239017
0.815701
0.912742
0.66491
0.507826
0.299528
0.606837
0.137701
0.363184
0.0876505
0.518227
0.551525
0.267489
0.869223
0.821639
0.474573
0.498974
0.595684
0.154802
0.631144
0.557799
0.402915
0.843782
0.308569
0.306118
0.440249
0.941131
0.826834
0.48247
0.364277
0.486195
0.92563
0.995476
0.221284
0.230009
0.341837
0.803573
0.345214
0.923059
0.0090392
0.96418
0.950467
0.136441
0.768098
0.251759
0.846873
0.36757
0.295875
0.166176
0.863668
0.461897
0.971071
0.154867
0.116042
0.910406
0.563036
0.571495
0.0107795
0.16893
0.0573167
0.226101
0.622665
0.0792644
0.0161895
0.339937
0.611896
0.126088
0.203715
0.128264
0.735528
0.589198
0.8041
0.124485
0.884883
0.0309729
0.154565
0.319549
0.0838346
0.0962076
0.811928
0.119082
0.173937
0.0525023
0.498028
0.321669
0.74994
0.100132
0.584634
0.103437
0.451019
0.0590325
0.944491
0.909244
0.90582
0.394355
0.574664
0.556782
0.726095
0.176373
0.39117
0.84564
0.916852
0.434206
0.364212
0.971193
0.849235
0.951268
0.917362
0.911148
0.0255451
0.816166
0.736744
0.884618
0.35733
0.459067
0.298024
0.995385
0.780313
0.946307
0.295566
0.801712
0.458859
0.620773
0.424907
0.353773
0.705816
0.246833
0.329807
0.219376
0.533046
0.623056
0.35293
0.580206
0.498315
0.717632
0.0526807
0.223322
0.616716
0.685189
0.0767976
0.797189
0.321192
0.68652
0.825071
0.862499
0.292492
0.121234
0.848086
0.957745
0.0316938
0.686509
0.198413
0.892346
0.930563
0.864
0.284976
0.760294
0.48631
0.060178
0.0516208
0.415512
0.143071
0.0478401
0.996381
0.359373
0.0281469
0.921002
0.263508
0.556526
0.629636
0.817622
0.728957
0.420666
0.47385
0.178463
0.614263
0.341737
0.839681
0.605471
0.73457
0.939798
0.550641
0.3699
0.379141
0.545568
0.74618
0.840447
0.295642
0.354631
0.967204
0.010575
0.269168
0.388237
0.625943
0.964778
0.0432643
0.762778
0.0461314
0.653314
0.0665935
0.76756
0.860951
0.899865
0.0751067
0.75754
0.25183
0.687313
0.846737
0.722481
0.916509
0.338172
0.701015
0.561728
0.142073
0.539198
0.569668
0.603507
0.0367562
0.889162
0.767031
0.969884
0.457947
0.301185
0.525555
0.503128
0.60602
0.421628
0.856545
0.225647
0.242069
0.875854
0.612664
0.581963
0.262682
0.0919783
0.433591
0.39252
0.178416
0.886894
0.246698
0.415669
0.185715
0.822896
0.323921
0.238436
0.138274
0.285458
0.208235
0.352866
0.882446
0.0968144
0.696348
0.216001
0.525196
0.656953
0.76347
0.106723
0.196354
0.601358
0.989173
0.254173
0.0442272
0.603373
0.0550088
0.751946
0.538152
0.0566569
0.760074
0.863487
0.484235
0.745115
0.345502
0.742072
0.76005
0.599266
0.10066
0.0491659
0.515812
0.458966
0.66434
0.558684
0.606178
0.357673
0.140799
0.0559792
0.694527
0.107382
0.27305
0.699182
0.223687
0.658313
0.995464
0.143608
0.183752
0.605137
0.0337194
0.741119
0.106614
0.725868
0.129409
0.00771034
0.32611
0.151321
0.652383
0.236048
0.791344
0.577447
0.147194
0.497273
0.83574
0.804515
0.145739
0.09905
0.723015
0.888591
0.380568
0.493534
0.698079
0.974047
0.810424
0.62151
0.243102
0.102193
0.109833
0.759469
0.323725
0.632759
0.765019
0.714295
0.189969
0.697562
0.38816
0.491198
0.503011
0.592732
0.944853
0.737197
0.593208
0.311081
0.670003
0.960812
0.35408
0.362255
0.752761
0.288712
0.669421
0.686208
0.437964
0.032041
0.870164
0.885798
0.372871
0.354923
0.187285
0.688994
0.864694
0.684522
0.687254
0.851361
0.970179
0.941288
0.0681698
0.0971145
0.339397
0.898989
0.942746
0.327093
0.990343
0.741682
0.6218
0.893607
0.841598
0.697896
0.351588
0.95895
0.347291
0.799005
0.506766
0.802905
0.339622
0.941405
0.786911
0.695834
0.41895
0.296936
0.82407
0.843473
0.474995
0.56262
0.362833
0.830054
0.58547
0.357326
0.820649
0.0478166
0.455219
0.0211643
0.917506
0.329343
0.900296
0.328665
0.0545882
0.920115
0.408939
0.520565
0.883464
0.771168
0.188361
0.0646805
0.00429944
0.662614
0.0741605
0.567068
0.873984
0.402065
0.973122
0.735882
0.229072
0.687183
0.425356
0.321989
0.32726
0.159724
0.151446
0.468149
0.648511
0.112046
0.201597
0.627197
0.663261
0.578538
0.389642
0.0375059
0.636675
0.935158
0.360809
0.066739
0.718274
0.184513
0.000699891
0.74419
0.54321
0.354132
0.592414
0.776653
0.576301
0.878135
0.211779
0.89302
0.369431
0.938404
0.0897268
0.83377
0.339046
0.513749
0.341135
0.531221
0.883377
0.441238
0.613812
0.810271
0.763192
0.159004
0.835586
0.502258
0.773811
0.427368
0.0420724
0.904924
0.509972
0.579268
0.251864
0.74328
0.90887
0.351756
0.416138
0.057912
0.480495
0.438691
0.501249
0.408691
0.174823
0.555908
0.12536
0.332862
0.432334
0.812568
0.196566
0.648252
0.163263
0.80919
0.650656
0.792249
0.378128
0.237572
0.822152
0.791866
0.755519
0.740366
0.304614
0.982108
0.44945
0.827892
0.488073
0.911758
0.817842
0.301837
0.634963
0.0268009
0.130927
0.289614
0.14523
0.513385
0.272787
0.316468
0.0746434
0.321424
0.237634
0.919437
0.713089
0.24911
0.767462
0.202003
0.640042
0.106411
0.605576
0.892354
0.580491
0.903691
0.757596
0.0451385
0.568373
0.412941
0.268085
0.889248
0.121459
0.850184
0.217717
0.818968
0.74511
0.444439
0.0636994
0.455081
0.491326
0.77726
0.695446
0.619273
0.285852
0.522427
0.892939
0.807805
0.469494
0.457309
0.222502
0.125434
0.828737
0.861676
0.910487
0.87673
0.929995
0.371642
0.13528
0.126081
0.407146
0.111685
0.6879
0.0194828
0.0993619
0.641558
0.768917
0.944969
0.791901
0.205375
0.891827
0.209844
0.808653
0.597413
0.947919
0.138507
0.97115
0.97348
0.348444
0.997071
0.468254
0.238596
0.251164
0.0875426
0.743663
0.160607
0.124632
0.890611
0.105971
0.363359
0.675096
0.190554
0.908799
0.983438
0.128182
0.724346
0.912275
0.538432
0.290533
0.311434
0.957106
0.747767
0.186471
0.254757
0.120403
0.32688
0.913884
0.782157
0.820206
0.040693
0.736019
0.391364
0.157919
0.4604
0.202548
0.396562
0.0904823
0.164689
0.567063
0.372915
0.0329775
0.897516
0.93486
0.568067
0.234025
0.746067
0.867465
0.0410077
0.995795
0.945871
0.470163
0.522435
0.104886
0.872553
0.477023
0.0662167
0.313545
0.329329
0.297738
0.444101
0.388785
0.791063
0.66195
0.797495
0.38171
0.247489
0.574791
0.269284
0.32237
0.180695
0.679408
0.395888
0.244704
0.458366
0.013395
0.475464
0.0351399
0.832931
0.813642
0.925563
0.414691
0.717554
0.282914
0.172292
0.47576
0.792495
0.551224
0.755725
0.411999
0.517769
0.683418
0.412661
0.507856
0.748627
0.597983
0.449611
0.356219
0.84813
0.0677609
0.381416
0.229318
0.0787213
0.809311
0.503942
0.611427
0.70142
0.569317
0.544793
0.702596
0.547641
0.851245
0.315995
0.460324
0.539707
0.288011
0.345126
0.107299
0.345581
0.918996
0.291609
0.227715
0.941203
0.325363
0.130708
0.607168
0.379558
0.318775
0.795528
0.6133
0.343442
0.560315
0.767533
0.532004
0.626777
0.245783
0.300494
0.428808
0.650434
0.66736
0.204664
0.256861
0.960732
0.26968
0.548943
0.978099
0.117435
0.930109
0.558504
0.321212
0.539682
0.941684
0.498137
0.787712
0.728426
0.813313
0.985101
0.898043
0.250171
0.367022
0.00739067
0.788588
0.814716
0.0391556
0.271322
0.416154
0.325127
0.0416047
0.488019
0.222934
0.572136
0.271423
0.325452
0.0309436
0.0681936
0.969082
0.382269
0.278822
0.980168
0.44916
0.170127
0.702202
0.471607
0.941958
0.445117
0.809392
0.753372
0.128542
0.481965
0.324763
0.862257
0.0406412
0.263252
0.735769
0.339098
0.884987
0.214701
0.170731
0.481814
0.480672
0.978691
0.0753816
0.927475
0.258093
0.461343
0.338095
0.732584
0.698254
0.133935
0.188248
0.936285
0.225459
0.228302
0.330371
0.236091
0.491487
0.383249
0.884028
0.575399
0.321439
0.252603
0.575062
0.215068
0.641925
0.153444
0.570821
0.250161
0.474268
0.6577
0.848705
0.764298
0.361663
0.703209
0.655798
0.0799012
0.692299
0.868528
0.941047
0.84559
0.939721
0.993573
0.423854
0.174051
0.100928
0.340322
0.705018
0.21608
0.587263
0.011089
0.375729
0.685517
0.278857
0.184594
0.108468
0.301437
0.592589
0.562393
0.321316
0.0603229
0.649408
0.474042
0.559897
0.32539
0.646752
0.64095
0.620723
0.591848
0.470639
0.0127872
0.704349
0.653766
0.787828
0.734352
0.83004
0.997647
0.766544
0.200243
0.475843
0.713425
0.384444
0.436644
5.28892e-05
0.682176
0.383524
0.321488
0.504588
0.519589
0.346947
0.482918
0.210164
0.518718
0.698511
0.321169
0.955779
0.929138
0.361548
0.109421
0.875805
0.489379
0.980133
0.991976
0.466783
0.0566632
0.379952
0.195118
0.00272066
0.18501
0.596872
0.185612
0.731462
0.5879
0.187104
0.87405
0.4385
0.0120692
0.966478
0.704766
0.639794
0.748307
0.778799
0.640579
0.453651
0.274508
0.246411
0.542751
0.972419
0.229957
0.00136667
0.783594
0.657714
0.324421
0.996666
0.731181
0.676014
0.85441
0.922605
0.608706
0.327107
0.485073
0.972188
0.412682
0.210005
0.0654077
0.795633
0.606868
0.163321
0.542416
0.189668
0.466161
0.0348908
0.631231
0.231641
0.19922
0.718644
0.577275
0.763064
0.595672
0.816398
0.834373
0.170443
0.266903
0.684806
0.954829
0.491054
0.708249
0.70805
0.595158
0.414992
0.676131
0.335471
0.545512
0.133812
0.702261
0.763932
0.288009
0.803633
0.0657287
0.30116
0.630913
0.505004
0.781188
0.807862
0.689197
0.934725
0.243959
0.718567
0.103124
0.833626
0.555169
0.956214
0.382889
0.580149
0.72527
0.871545
0.853484
0.0570957
0.432508
0.515473
0.745495
0.391512
0.510776
0.860525
0.458991
0.670685
0.260564
0.68115
0.167775
0.114566
0.766817
0.187447
0.577827
0.738138
0.0239179
0.505465
0.0788625
0.768731
0.303394
0.869626
0.713502
0.348305
0.0348974
0.790295
0.634172
0.528015
0.655361
0.684931
0.662476
0.752069
0.725306
0.526188
0.634891
0.790649
0.621323
0.523395
0.0168324
0.514261
0.825547
0.949457
0.789271
0.225463
0.256091
0.59623
0.705616
0.141038
0.798938
0.420738
0.478796
0.863492
0.3124
0.438887
0.853318
0.604916
0.185335
0.99885
0.684541
0.47384
0.125914
0.177728
0.726311
0.175336
0.0370872
0.352366
0.377663
0.227852
0.0137052
0.0255343
0.622647
0.0605564
0.829465
0.681599
0.877262
0.711837
0.858968
0.0674438
0.158931
0.501588
0.530808
0.965664
0.0488058
0.301523
0.129062
0.833498
0.680538
0.365684
0.721726
0.579718
0.794116
0.215268
0.565558
0.489201
0.607418
0.266702
0.263704
0.512999
0.741566
0.146516
0.99652
0.866667
0.586319
0.193304
0.131271
0.75011
0.863159
0.699705
0.823265
0.0285914
0.863774
0.529265
0.740896
0.496819
0.160582
0.993147
0.803031
0.473955
0.512699
0.667217
0.232101
0.275517
0.877836
0.800682
0.217581
0.282335
0.103165
0.589489
0.0918112
0.98901
0.0740121
0.771506
0.202143
0.263834
0.791555
0.990066
0.392855
0.159219
0.745075
0.46134
0.851165
0.793096
0.487395
0.229901
0.651888
0.609839
0.551652
0.8143
0.705771
0.355678
0.150343
0.619694
0.0513229
0.374204
0.882091
0.0640175
0.706029
0.42462
0.6049
0.237125
0.944194
0.109525
0.585663
0.238851
0.521739
0.831244
0.961418
0.426532
0.260225
0.429044
0.940156
0.714568
0.352684
0.0689005
0.34656
0.541495
0.252257
0.71643
0.516319
0.718116
0.11702
0.997289
0.849682
0.810791
0.989105
0.377883
0.243306
0.0402088
0.882165
0.324481
0.686859
0.126889
0.958568
0.642662
0.323393
0.698069
0.446135
0.620426
0.273641
0.772682
0.233283
0.306985
0.774495
0.206387
0.994959
0.57024
0.894765
0.339431
0.422756
0.791113
0.580924
0.667308
0.277011
0.668419
0.115574
0.972787
0.474681
0.925195
0.0571996
0.249185
0.809452
0.271104
0.426811
0.223913
0.531954
0.686143
0.678021
0.0581631
0.838744
0.487116
0.209548
0.743194
0.856144
0.895146
0.212262
0.0509454
0.337324
0.908208
0.200754
0.579314
0.720218
0.537874
0.247595
0.654813
0.786028
0.154143
0.863457
0.455446
0.373948
0.588883
0.366397
0.202687
0.446478
0.0654116
0.640217
0.79051
0.0381342
0.885754
0.490369
0.895614
0.843981
0.0188168
0.789434
0.395586
0.862616
0.12287
0.560843
0.401446
0.473163
0.456506
0.791516
0.944494
0.361576
0.129985
0.509233
0.131436
0.46555
0.552783
0.188363
0.115821
0.886849
0.461774
0.913884
0.0838453
0.00348727
0.243018
0.458529
0.724463
0.309906
0.681789
0.655434
0.878569
0.878349
0.743976
0.684911
0.894651
0.671737
0.0707525
0.977538
0.433017
0.644524
0.606378
0.464303
0.336087
0.55736
0.386981
0.84092
0.172932
0.75038
0.545637
0.507419
0.0664615
0.0641341
0.139401
0.636749
0.142104
0.781256
0.831015
0.293876
0.0963214
0.220528
0.764913
0.238516
0.709005
0.318474
0.855769
0.911705
0.0682332
0.493055
0.0981074
0.13984
0.898841
0.0673363
0.972295
0.118026
0.298442
0.915284
0.291655
0.700203
0.904418
0.0388871
0.234779
0.165874
0.969171
0.418861
0.662339
0.0502608
0.40627
0.226961
0.800673
0.535808
0.183478
0.896097
0.356057
0.874899
0.69329
0.585184
0.0102787
0.631536
0.771514
0.971641
0.219661
0.90674
0.796123
0.554367
0.567085
0.877408
0.566352
0.629616
0.890646
0.705661
0.0624208
0.473025
0.267553
0.875809
0.112966
0.738687
0.330961
0.536525
0.173957
0.449112
0.409384
0.112755
0.737113
0.544921
0.53987
0.165269
0.921106
0.278764
0.465685
0.219264
0.749312
0.539355
0.38424
0.740203
0.0189517
0.565296
0.402677
0.905264
0.15582
0.473232
0.394964
0.275626
0.106746
0.605786
0.230062
0.875212
0.52517
0.373708
0.545842
0.213695
0.78107
0.568302
0.333734
0.366707
0.832017
0.44654
0.549648
0.369967
0.44478
0.0920329
0.932778
0.394471
0.276327
0.49247
0.0272591
0.350552
0.880167
0.881037
0.0734444
0.535024
0.211369
0.862378
0.0174269
0.557967
0.0312956
0.0894966
0.00767351
0.190049
0.979976
0.0847272
0.967328
0.583479
0.842851
0.258226
0.926842
0.223178
0.751668
0.0495894
0.405027
0.787438
0.283976
0.0480047
0.260449
0.440896
0.534136
0.171011
0.0499131
0.902957
0.740571
0.0803678
0.793323
0.277266
0.406284
0.848797
0.893214
0.302162
0.209504
0.447472
0.19207
0.235019
0.425558
0.256164
0.976432
0.318833
0.0674567
0.754767
0.693243
0.984155
0.425007
0.410874
0.267891
0.44227
0.483441
0.68405
0.415352
0.992081
0.481406
0.647556
0.289349
0.633726
0.610414
0.639545
0.294799
0.0586274
0.762394
0.572636
0.576455
0.340476
0.288253
0.609614
0.93128
0.526308
0.523849
0.638076
0.226101
0.457535
0.767282
0.27125
0.441983
0.546544
0.99064
0.474608
0.931697
0.199001
0.776432
0.349611
0.0693309
0.674112
0.0664835
0.998572
0.242559
0.85169
0.490953
0.284995
0.912097
0.671124
0.0325009
0.0941262
0.496734
0.541321
0.91392
0.785719
0.418762
0.511047
0.367325
0.0542616
0.935241
0.553765
0.145137
0.715761
0.500501
0.794935
0.355604
0.00484417
0.86345
0.774493
0.788586
0.17763
0.219056
0.449329
0.4678
0.850513
0.054007
0.161634
0.706569
0.535803
0.527049
0.130871
0.663071
0.69478
0.137476
0.0598812
0.69315
0.182248
0.27765
0.960963
0.216377
0.186074
0.149672
0.650564
0.671009
0.883855
0.386444
0.0259085
0.750729
0.557583
0.116666
0.984639
0.117783
0.724179
0.676836
0.0618937
0.0894452
0.986062
0.617317
0.773862
0.211144
0.964476
0.305728
0.46103
0.396888
0.48415
0.506267
0.407024
0.146414
0.856046
0.262302
0.814567
0.249972
0.428051
0.18918
0.790981
0.0269581
0.577689
0.216756
0.815228
0.249359
0.0687283
0.193068
0.698054
0.846109
0.144126
0.938406
0.603966
0.283847
0.942263
0.191278
0.30843
0.387186
0.389606
0.413701
0.499275
0.55939
0.75522
0.430523
0.83616
0.622244
0.0377
0.774098
0.474151
0.460582
0.6941
0.0310104
0.0275523
0.0628614
0.728618
0.189396
0.861089
0.234747
0.243707
0.820136
0.291803
0.245755
0.823684
0.897927
0.981225
0.659722
0.07636
0.0411607
0.09361
0.360257
0.18386
0.423732
0.912791
0.94058
0.329707
0.815141
0.139313
0.758068
0.695641
0.66944
0.530603
0.00776888
0.813607
0.295377
0.959227
0.884711
0.185581
0.736754
0.428808
0.433092
0.340713
0.54148
0.800992
0.457355
0.872025
0.639267
0.899342
0.814827
0.955423
0.0650665
0.425319
0.781192
0.177403
0.934732
0.809189
0.0872871
0.964633
0.11377
0.567602
0.333098
0.0842774
0.215681
0.720193
0.0756945
0.383534
0.748948
0.419258
0.477651
0.59974
0.786426
0.761371
0.801849
0.386808
0.341536
0.578441
0.903966
0.989842
0.72574
0.33631
0.323976
0.220983
0.81476
0.984821
0.361736
0.91827
0.393154
0.46564
0.142979
0.814367
0.00326576
0.348966
0.558253
0.30832
0.776918
0.152275
0.288547
0.997912
0.683702
0.249424
0.698243
0.922136
0.388938
0.416861
0.828917
0.256613
0.871448
0.24522
0.961079
0.863729
0.443703
0.456202
0.239184
0.639674
0.675714
0.725314
0.744039
0.504154
0.310452
0.810877
0.963182
0.559687
0.290387
0.730882
0.373473
0.37692
0.046797
0.690311
0.891736
0.76091
0.700415
0.58738
0.736799
0.942806
0.72906
0.0250227
0.3177
0.548734
0.84295
0.932919
0.0831556
0.272341
0.530441
0.225351
0.916342
0.43394
0.929204
0.567683
0.327816
0.0833692
0.883102
0.0374313
0.0910174
0.000827577
0.353359
0.402675
0.15173
0.27906
0.883137
0.970419
0.0605504
0.810597
0.665639
0.893363
0.840201
0.737464
0.578042
0.519127
0.264722
0.669723
0.808569
0.703818
0.53876
0.57546
0.922991
0.550276
0.0605502
0.289476
0.357725
0.694443
0.216632
0.72771
0.491151
0.912277
0.745635
0.614843
0.340947
0.798048
0.527398
0.782161
0.585131
0.795186
0.986684
0.582247
0.754831
0.872739
0.938096
0.416503
0.157715
0.551801
0.895118
0.529493
0.968601
0.975058
0.804686
0.952582
0.602544
0.615704
0.227589
0.354286
0.149753
0.286461
0.4029
0.624939
0.859571
0.28691
0.280077
0.417046
0.788778
0.801963
0.275808
0.693574
0.306368
0.843227
0.698639
0.499661
0.547181
0.814717
0.795807
0.882663
0.755165
0.380014
0.354535
0.800497
0.308845
0.867699
0.103645
0.504598
0.581546
0.728759
0.887986
0.835621
0.579088
0.272128
0.738317
0.721538
0.540786
0.681959
0.194273
0.560287
0.307432
0.78971
0.730442
0.104908
0.426166
0.375285
0.155828
0.256309
0.595714
0.552837
0.853728
0.624718
0.161425
0.211795
0.748857
0.425049
0.780703
0.225026
0.252328
0.853981
0.968954
0.423627
0.945589
0.919709
0.627972
0.0219962
0.154734
0.517545
0.929799
0.384103
0.869206
0.266162
0.688963
0.246824
0.530509
0.643488
0.263078
0.149073
0.441276
0.379949
0.185499
0.0852711
0.690654
0.961333
0.488356
0.900069
0.887329
0.459681
0.513881
0.781544
0.113012
0.779945
0.932352
0.314916
0.205628
0.280962
0.0401368
0.170532
0.0642519
0.00817683
0.970345
0.565379
0.881469
0.694002
0.868738
0.620516
0.200601
0.161649
0.366183
0.882945
0.86045
0.861855
0.579256
0.275708
0.1765
0.111449
0.848462
0.844488
0.861604
0.430013
0.080865
0.0389088
0.384843
0.559895
0.69748
0.726175
0.786366
0.00525219
0.367552
0.835987
0.648079
0.288511
0.533735
0.581791
0.514608
0.536444
0.74655
0.880516
0.133622
0.405814
0.487799
0.937558
0.164774
0.310771
0.759669
0.781385
0.992369
0.875804
0.593004
0.345866
0.638734
0.440958
0.965993
0.0454603
0.725205
0.270892
0.955045
0.973198
0.419286
0.991315
0.461711
0.864261
0.313602
0.248612
0.0857495
0.247945
0.963624
0.0986995
0.664937
0.787286
0.811143
0.608117
0.824782
0.862503
0.297479
0.262329
0.937132
0.780715
0.561956
0.816213
0.667096
0.979624
0.551164
0.13234
0.471449
0.467161
0.0438062
0.929871
0.917204
0.040108
0.367385
0.196258
0.552384
0.0618566
0.529402
0.355172
0.651674
0.331821
0.556474
0.390364
0.125744
0.209067
0.161056
0.598665
0.804053
0.647533
0.470037
0.453444
0.739843
0.866661
0.958456
0.0498866
0.0262082
0.142145
0.694775
0.131202
0.871237
0.601523
0.418314
0.60369
0.218456
0.173716
0.0540078
0.564644
0.0165374
0.769133
0.406451
0.417802
0.248327
0.826541
0.0699974
0.17381
0.0385761
0.496986
0.302574
0.799763
0.551389
0.326218
0.464088
0.481392
0.466927
0.453288
0.520541
0.814617
0.498181
0.957482
0.658506
0.343885
0.341197
0.000298142
0.560198
0.479557
0.034013
0.842136
0.232444
0.93594
0.962896
0.198618
0.155666
0.262189
0.665355
0.854237
0.584539
0.0986491
0.588819
0.0763577
0.299054
0.732962
0.93056
0.618925
0.894825
0.629377
0.28424
0.968396
0.0355556
0.586812
0.96011
0.804542
0.779522
0.68092
0.823904
0.874211
0.515758
0.161726
0.344024
0.612513
0.695685
0.511052
0.217361
0.720609
0.0286087
0.767704
0.0525613
0.0363895
0.18303
0.340739
0.84891
0.94044
0.32151
0.953613
0.848596
0.60623
0.827666
0.108705
0.960417
0.060497
0.881699
0.593838
0.707981
0.338508
0.153946
0.16826
0.653507
0.596574
0.443631
0.0534878
0.617368
0.205319
0.88096
0.715367
0.68351
0.776097
0.853357
0.418122
0.411139
0.96851
0.830241
0.405523
0.6431
0.896429
0.214284
0.454836
0.541006
0.258865
0.479008
0.556766
0.535223
0.464396
0.811045
0.450873
0.408445
0.209368
0.0564227
0.943578
0.728787
0.95134
0.451498
0.50242
0.788898
0.920667
0.734313
0.687811
0.319301
0.50967
0.711968
0.267761
0.839802
0.525153
0.547004
0.805491
0.397252
0.988317
0.572864
0.879239
0.684989
0.517426
0.715008
0.585458
0.17006
0.497913
0.482694
0.427933
0.871916
0.731377
0.505298
0.573681
0.486769
0.377256
0.543858
0.512156
0.612736
0.953198
0.852325
0.717073
0.327342
0.818138
0.703666
0.884642
0.129683
0.579194
0.559458
0.904799
0.917638
0.00544429
0.143298
0.766002
0.225291
0.558109
0.37655
0.797092
0.557017
0.697032
0.624512
0.577588
0.702865
0.88888
0.272426
0.634441
0.207904
0.557561
0.53429
0.823621
0.0624863
0.256308
0.173013
0.913908
0.288728
0.93891
0.252987
0.827469
0.391623
0.337434
0.324451
0.340773
0.942703
0.186061
0.306684
0.52689
0.656244
0.60934
0.438067
0.179132
0.121195
0.047326
0.0118875
0.942301
0.392709
0.758375
0.126261
0.135735
0.380725
0.71146
0.868577
0.522107
0.132668
0.282875
0.164326
0.556814
0.616111
0.714151
0.486757
0.171786
0.382908
0.559429
0.598147
0.644236
0.773696
0.975291
0.0877688
0.361388
0.259295
0.83507
0.938349
0.364723
0.78729
0.713503
0.0589448
0.906645
0.23828
0.758643
0.242706
0.527246
0.96302
0.925553
0.637721
0.623599
0.550625
0.463817
0.836214
0.725478
0.741422
0.959417
0.722857
0.425259
0.194659
0.340187
0.24281
0.931323
0.57264
0.0233016
0.859684
0.27344
0.0191218
0.0722376
0.839913
0.674189
0.0903704
0.871208
0.88655
0.409606
0.739846
0.344347
0.855448
0.418301
0.0192877
0.753727
0.560848
0.699247
0.186118
0.468302
0.855235
0.0796403
0.206565
0.211805
0.898684
0.17671
0.0135561
0.0327014
0.211549
0.912214
0.957973
0.981231
0.245529
0.0729594
0.310854
0.543922
0.985026
0.450262
0.102799
0.237027
0.238323
0.233739
0.963488
0.647778
0.912291
0.0704001
0.666779
0.449528
0.685126
0.903071
0.937229
0.192251
0.0387997
0.66538
0.44788
0.499902
0.982209
0.489301
0.248232
0.211177
0.749271
0.564457
0.00578107
0.0529044
0.864951
0.403921
0.253443
0.291091
0.680328
0.869556
0.852114
0.649566
0.598836
0.88562
0.990511
0.00770049
0.271279
0.92381
0.502917
0.546495
0.503988
0.924035
0.148286
0.27552
0.752046
0.826302
0.0130768
0.252357
0.30466
0.382396
0.154605
0.687518
0.885577
0.343973
0.516173
0.832957
0.257804
0.579704
0.00708335
0.0445118
0.256731
0.0546753
0.902093
0.0692482
0.861073
0.86294
0.437222
0.322822
0.955686
0.604988
0.30069
0.946306
0.47665
0.0180804
0.901834
0.960264
0.63094
0.171479
0.145829
0.692918
0.348279
0.0705643
0.421351
0.187342
0.512925
0.370134
0.273883
0.528171
0.485061
0.830371
0.404141
0.245671
0.262353
0.123255
0.375183
0.104674
0.893352
0.579151
0.284678
0.645495
0.10584
0.645319
0.918251
0.617768
0.537569
0.440841
0.581204
0.367722
0.957467
0.0579408
0.423622
0.33312
0.449056
0.534703
0.653599
0.988459
0.407962
0.125469
0.145452
0.455753
0.258225
0.762114
0.332281
0.952119
0.136471
0.163764
0.0319233
0.00345394
0.670287
0.61285
0.351497
0.099981
0.762856
0.0685362
0.102852
0.424453
0.101817
0.272234
0.570774
0.616605
0.0716591
0.132929
0.011465
0.6083
0.881471
0.221277
0.545693
0.139303
0.458887
0.165025
0.0988049
0.480503
0.0905746
0.140232
0.545925
0.275983
0.897681
0.204212
0.280024
0.886999
0.468326
0.741355
0.209057
0.333577
0.915829
0.404422
0.354839
0.887879
0.396456
0.928769
0.2599
0.885993
0.263188
0.759249
0.503182
0.490649
0.765746
0.559091
0.350414
0.227517
0.28567
0.179251
0.649431
0.612253
0.523859
0.289764
0.0980083
0.270943
0.00671718
0.404405
0.840064
0.894382
0.171548
0.54133
0.93716
0.690431
0.750438
0.966668
0.277188
0.421833
0.263686
0.867486
0.979742
0.664743
0.447477
0.61738
0.40609
0.41922
0.916137
0.179843
0.335582
0.489377
0.691658
0.993055
0.995526
0.11356
0.358723
0.925992
0.810216
0.436154
0.946178
0.814484
0.124336
0.341118
0.376384
0.87491
0.478869
0.203776
0.295365
0.618516
0.58798
0.566937
0.051376
0.341482
0.118388
0.160099
0.324585
0.00736704
0.324899
0.142043
0.592082
0.975625
0.210702
0.0320624
0.435191
0.388638
0.776728
0.658333
0.104448
0.568931
0.579444
0.33199
0.287343
0.302138
0.577838
0.445526
0.138798
0.0817631
0.225439
0.441139
0.0378706
0.855644
0.382025
0.454109
0.687136
0.482277
0.751789
0.124294
0.186912
0.112764
0.982937
0.548548
0.544451
0.334409
0.453635
0.700215
0.422183
0.270321
0.232617
0.505746
0.593329
0.530611
0.0228707
0.506307
0.8829
0.2111
0.143967
0.699176
0.433949
0.0404744
0.170943
0.860864
0.793724
0.513745
0.435053
0.0900027
0.125445
0.993115
0.397902
0.234733
0.0735215
0.116149
0.575032
0.590278
0.953641
0.0296999
0.891114
0.90399
0.182102
0.294862
0.692687
0.65709
0.330458
0.975249
0.796692
0.446113
0.916578
0.787917
0.401162
0.060932
0.166571
0.443124
0.671065
0.374694
0.968896
0.152682
0.198462
0.817988
0.49675
0.524971
0.411481
0.338716
0.949673
0.440618
0.468826
0.974627
0.620171
0.724009
0.95309
0.605035
0.253623
0.128488
0.0536835
0.95699
0.928741
0.993774
0.33447
0.774872
0.293532
0.255442
0.435529
0.980684
0.693533
0.630227
0.428091
0.483998
0.0762453
0.589178
0.564424
0.376047
0.480777
0.302033
0.191697
0.173873
0.166667
0.221188
0.798994
0.139123
0.428503
0.0646286
0.97628
0.478451
0.656017
0.126613
0.37155
0.492144
0.726321
0.812557
0.00719356
0.392727
0.847315
0.993081
0.125667
0.278779
0.967042
0.524706
0.175893
0.00592803
0.394297
0.129777
0.483306
0.341807
0.909346
0.834921
0.862925
0.963599
0.826707
0.973289
0.319961
0.475163
0.997031
0.333285
0.799573
0.863807
0.854972
0.73325
0.270466
0.872405
0.553942
0.360337
0.446699
0.509315
0.725136
0.469784
0.646949
0.336983
0.143916
0.599407
0.908633
0.544127
0.0229629
0.582936
0.148007
0.231551
0.10897
0.563908
0.243158
0.761133
0.372701
0.374687
0.745589
0.951932
0.853037
0.751439
0.483296
0.451293
0.764504
0.271789
0.257921
0.500321
0.36141
0.320215
0.613629
0.166067
0.512226
0.226
0.304661
0.27675
0.405486
0.622186
0.51439
0.0267702
0.0796916
0.677822
0.145119
0.671001
0.818187
0.901177
0.242511
0.314312
0.149319
0.96628
0.717873
0.762807
0.926431
0.910669
0.994961
0.832681
0.179936
0.583248
0.171693
0.0362177
0.0825212
0.177085
0.857256
0.00329172
0.788454
0.793077
0.810672
0.0569737
0.209884
0.426908
0.0847344
0.461464
0.296456
0.958642
0.591466
0.364146
0.143103
0.301418
0.754667
0.740253
0.0348279
0.612625
0.181045
0.151187
0.590503
0.686344
0.577263
0.891046
0.299605
0.577258
0.759655
0.474042
0.0771948
0.393102
0.905228
0.508185
0.2807
0.168802
0.458153
0.595376
0.335987
0.0716344
0.22962
0.0747122
0.668454
0.511482
0.00736788
0.726491
0.0747443
0.78912
0.273542
0.526021
0.678791
0.749943
0.5365
0.76156
0.732081
0.878542
0.264788
0.825744
0.306103
0.524184
0.666811
0.632649
0.748487
0.330354
0.39257
0.625899
0.388454
0.177954
0.668094
0.724448
0.607837
0.239705
0.657404
0.476243
0.982165
0.629595
0.202666
0.598185
0.078355
0.891004
0.549379
0.311313
0.471378
0.623715
0.303238
0.296212
0.268069
0.491487
0.142971
0.279127
0.379542
0.794348
0.0699752
0.51269
0.83131
0.201896
0.776021
0.626613
0.981254
0.907365
0.40697
0.0608257
0.622898
0.28836
0.0337929
0.574716
0.598154
0.645042
0.5833
0.905157
0.158341
0.69457
0.0845814
0.438705
0.500689
0.238061
0.512815
0.464515
0.715409
0.985048
0.855389
0.0855107
0.581062
0.312928
0.427786
0.443717
0.0502399
0.0161605
0.193278
0.209454
0.969792
0.252117
0.864119
0.509072
0.327773
0.66785
0.133263
0.079751
0.47535
0.91205
0.473102
0.126281
0.00574307
0.240333
0.309145
0.70341
0.266075
0.146941
0.845957
0.348885
0.772238
0.173579
0.886126
0.17312
0.0333648
0.33595
0.341829
0.630293
0.959293
0.624812
0.0482265
0.842401
0.65031
0.727222
0.43489
0.768895
0.105934
0.810305
0.606955
0.244698
0.497782
0.294396
0.0294609
0.862141
0.817307
0.232417
0.284882
0.00234978
0.45771
0.268638
0.580645
0.887258
0.495164
0.795818
0.173527
0.348939
0.859788
0.887958
0.697347
0.725839
0.557811
0.426388
0.775055
0.979311
0.622843
0.153106
0.599757
0.883746
0.501265
0.616103
0.908117
0.8053
0.286555
0.625626
0.0345971
0.693847
0.816432
0.980852
0.693254
0.0435091
0.403646
0.0513347
0.107344
0.259553
0.248431
0.172807
0.344059
0.599785
0.338988
0.616558
0.415633
0.809384
0.632873
0.791253
0.0581481
0.251903
0.0467996
0.297769
0.472513
0.616525
0.807904
0.0841365
0.295565
0.207833
0.849635
0.420467
0.926564
0.871886
0.945023
0.42315
0.144336
0.702843
0.688157
0.462968
0.714651
0.0936379
0.130115
0.707764
0.388688
0.159958
0.122186
0.252073
0.435494
0.475714
0.0741903
0.888345
0.762677
0.228737
0.395031
0.5497
0.279049
0.802907
0.557731
0.397559
0.297352
0.468109
0.334643
0.20323
0.255763
0.170873
0.678265
0.810424
0.166023
0.770363
0.217722
0.876546
0.0555184
0.262171
0.503679
0.234883
0.192241
0.459696
0.0827164
0.40623
0.511303
0.186674
0.00386326
0.097059
0.197299
0.43835
0.173328
0.349376
0.199453
0.604562
0.277351
0.110399
0.0806556
0.755069
0.289847
0.887376
0.695704
0.042496
0.468413
0.621632
0.495881
0.332513
0.0491781
0.314041
0.573454
0.367635
0.860435
0.516198
0.216129
0.684556
0.559995
0.060151
0.421029
0.688437
0.290858
0.0976073
0.0182057
0.226166
0.166493
0.849036
0.724211
0.22274
0.979923
0.139701
0.790706
0.931681
0.241921
0.606584
0.632825
0.711144
0.695964
0.763359
0.918402
0.352225
0.539748
0.877395
0.477326
0.729305
0.0878897
0.0419259
0.960682
0.843669
0.940301
0.791826
0.323191
0.888654
0.896479
0.196607
0.959869
0.160185
0.560387
0.404845
0.628528
0.848465
0.815257
0.72836
0.277813
0.914722
0.099471
0.0983297
0.819185
0.590542
0.993796
0.197608
0.420623
0.640366
0.946572
0.892236
0.586651
0.40798
0.847824
0.0451591
0.473746
0.265032
0.309833
0.975454
0.761768
0.191848
0.626533
0.18456
0.741529
0.211787
0.368551
0.704538
0.247468
0.0388795
0.242624
0.468775
0.216303
0.0682594
0.762439
0.988317
0.210294
0.702358
0.351651
0.199418
0.333317
0.859414
0.920543
0.798937
0.823695
0.780596
0.639201
0.957364
0.253822
0.121238
0.703848
0.518069
0.805358
0.52835
0.0501403
0.165853
0.744634
0.425597
0.346777
0.144596
0.836692
0.331138
0.134092
0.525448
0.483892
0.362863
0.100067
0.210975
0.535329
0.945811
0.0964808
0.0503344
0.477915
0.387536
0.273216
0.66786
0.97028
0.695743
0.65334
0.549759
0.16344
0.780446
0.301414
0.948834
0.693106
0.641598
0.84375
0.198879
0.346421
0.807825
0.394668
0.208583
0.0567549
0.482603
0.661117
0.976895
0.75637
0.658513
0.168352
0.547743
0.974289
0.935638
0.879474
0.606738
0.23128
0.145681
0.79176
0.367635
0.696604
0.92524
0.785888
0.870357
0.577815
0.499512
0.171243
0.657439
0.532966
0.206356
0.319102
0.397476
0.457015
0.495003
0.644763
0.0453501
0.230848
0.52146
0.505827
0.353703
0.228504
0.316672
0.891445
0.244602
0.49377
0.763547
0.61677
0.901728
0.984226
0.307741
0.242409
0.510157
0.204071
0.358503
0.755436
0.545884
0.472911
0.0316634
0.756335
0.846769
0.564611
0.373067
0.100831
0.902732
0.601461
0.0603546
0.213492
0.038547
0.346677
0.916284
0.412275
0.623415
0.877575
0.413245
0.202677
0.0802136
0.441941
0.852696
0.748596
0.894159
0.546564
0.0713748
0.405724
0.843066
0.373049
0.654324
0.0221783
0.316335
0.234098
0.826652
0.218654
0.578646
0.783364
0.135669
0.220306
0.409959
0.508006
0.182001
0.225247
0.629842
0.270544
0.780963
0.236321
0.65982
0.781695
0.934311
0.148238
0.769648
0.980238
0.551427
0.951007
0.659395
0.125493
0.57897
0.228096
0.440407
0.789599
0.251594
0.45132
0.595151
0.239789
0.315412
0.748292
0.362104
0.546209
0.133181
0.344493
0.421472
0.41941
0.433917
0.278667
0.352517
0.752822
0.830919
0.0754739
0.336846
0.920929
0.928469
0.333785
0.50872
0.90561
0.389019
0.552204
0.304853
0.460212
0.848979
0.350284
0.326716
0.220249
0.0590751
0.11862
0.370841
0.42378
0.99585
0.428949
0.0350495
0.166856
0.321746
0.223743
0.0434908
0.150327
0.767858
0.811751
0.791492
0.531377
0.129427
0.0559214
0.771016
0.379308
0.0114078
0.58094
0.709771
0.217841
0.610971
0.120108
0.724063
0.474659
0.120765
0.308681
0.439312
0.200268
0.321586
0.776188
0.829494
0.368104
0.957753
0.634952
0.937422
0.907594
0.385903
0.131988
0.664911
0.635519
0.345633
0.56508
0.400086
0.324482
0.987008
0.752268
0.824679
0.630726
0.354148
0.347381
0.0202451
0.149155
0.234463
0.477058
0.533702
0.727821
0.0115666
0.385565
0.126609
0.763222
0.792454
0.72821
0.069176
0.841815
0.0870547
0.64706
0.83772
0.261099
0.500982
0.342284
0.837219
0.847619
0.108337
0.819566
0.634684
0.984241
0.00552476
0.325953
0.00949397
0.6471
0.995522
0.000604183
0.136611
0.596892
0.395291
0.484703
0.493845
0.130122
0.765357
0.3543
0.393209
0.470107
0.539294
0.941368
0.0102163
0.895653
0.578617
0.062787
0.248105
0.518835
0.403053
0.660172
0.0196773
0.135771
0.105338
0.22445
0.810244
0.217739
0.548078
0.07456
0.578713
0.946037
0.291406
0.367729
0.468269
0.574703
0.582563
0.0421724
0.179401
0.654516
0.854794
0.251964
0.867445
0.043695
0.251978
0.43877
0.967046
0.831789
0.103087
0.895679
0.993828
0.302816
0.749093
0.414939
0.619212
0.666592
0.471212
0.998771
0.799394
0.508978
0.760208
0.265061
0.499616
0.888149
0.814565
0.20804
0.882481
0.721099
0.541074
0.140567
0.546099
0.726541
0.734273
0.638218
0.377791
0.135138
0.591084
0.926289
0.206931
0.458485
0.525585
0.625889
0.321786
0.893246
0.706141
0.878645
0.124828
0.233281
0.694371
0.85677
0.678249
0.54786
0.0606581
0.150106
0.289429
0.643562
0.49692
0.832997
0.420727
0.910843
0.35251
0.403809
0.603361
0.783836
0.175707
0.898886
0.945751
0.463908
0.855358
0.171101
0.988264
0.562927
0.0412306
0.863367
0.527425
0.0207311
0.613684
0.162231
0.758847
0.62914
0.246799
0.23148
0.879357
0.778918
0.743405
0.162887
0.10298
0.0337588
0.501815
0.783623
0.142913
0.848375
0.196896
0.673879
0.697897
0.0824397
0.0893337
0.293106
0.624744
0.699059
0.898518
0.967557
0.554478
0.957336
0.605213
0.282209
0.0437042
0.793317
0.677955
0.347629
0.449699
0.196711
0.685945
0.972451
0.0170204
0.054949
0.988441
0.706655
0.711674
0.830977
0.660455
0.155144
0.405287
0.83286
0.393956
0.743382
0.611897
0.162896
0.253365
0.278777
0.916788
0.854745
0.958543
0.534976
0.439616
0.0773951
0.96307
0.350119
0.802154
0.541822
0.774128
0.804603
0.197779
0.966158
0.766417
0.409589
0.752088
0.0640924
0.122902
0.956343
0.964743
0.137902
0.931229
0.762233
0.551529
0.832294
0.507879
0.139685
0.853853
0.313228
0.425299
0.454331
0.936777
0.332805
0.227285
0.768614
0.0434883
0.204076
0.539508
0.0292284
0.855642
0.182771
0.265152
0.759926
0.664022
0.406564
0.0923395
0.263158
0.178637
0.998484
0.87651
0.338724
0.77135
0.609878
0.598659
0.981419
0.757604
0.816692
0.702588
0.904707
0.0284868
0.985887
0.379289
0.662437
0.111169
0.0199784
0.411641
0.271116
0.0340556
0.706882
0.635247
0.0576899
0.656803
0.478428
0.385391
0.0578305
0.566271
0.90317
0.646234
0.782209
0.854149
0.145903
0.187252
0.521252
0.779507
0.342328
0.814455
0.355017
0.881283
0.0548302
0.701541
0.983329
0.158005
0.438313
0.331598
0.201974
0.794214
0.940276
0.3244
0.890841
0.354938
0.146723
0.867586
0.180649
0.573557
0.624488
0.940015
0.157221
0.232644
0.0677249
0.796793
0.0685832
0.890774
0.582223
0.696728
0.607797
0.782997
0.276084
0.284815
0.526642
0.736269
0.442226
0.680115
0.998407
0.549764
0.407825
0.103647
0.677048
0.255612
0.44229
0.117432
0.0661713
0.153605
0.308984
0.035972
0.697373
0.634353
0.89019
0.372006
0.370897
0.726014
0.606754
0.138128
0.42077
0.413412
0.474617
0.912887
0.941285
0.429622
0.806678
0.76175
0.0395784
0.23654
0.512887
0.133492
0.158314
0.545484
0.495522
0.775695
0.629266
0.96623
0.431925
0.734901
0.983274
0.828636
0.919909
0.403159
0.18221
0.0494576
0.633273
0.942936
0.450317
0.25483
0.863028
0.546342
0.139964
0.259587
0.269076
0.635318
0.728958
0.291201
0.318477
0.0264409
0.936403
0.460315
0.608013
0.0307738
0.767553
0.0500962
0.591819
0.665913
0.0925008
0.315006
0.896481
0.563345
0.372411
0.806306
0.871546
0.966046
0.923947
0.0489561
0.996777
0.0720238
0.0073563
0.368004
0.495377
0.911729
0.967514
0.194677
0.0175189
0.906041
0.942405
0.147848
0.0664044
0.175885
0.369202
0.00732638
0.571513
0.787632
0.926217
0.636186
0.367694
0.0160994
0.359914
0.296701
0.426646
0.4759
0.318046
0.149045
0.830855
0.638139
0.691731
0.337374
0.0852596
0.00219102
0.0794748
0.902238
0.357426
0.41914
0.248593
0.864629
0.720734
0.527457
0.602312
0.657105
0.119171
0.101783
0.779775
0.218629
0.0104741
0.38411
0.23925
0.590651
0.243156
0.711183
0.39085
0.944348
0.73389
0.354642
0.239319
0.56013
0.516304
0.705124
0.121303
0.739867
0.259708
0.217092
0.495848
0.889905
0.0206053
0.463738
0.0967092
0.908568
0.804905
0.581782
0.859816
0.272814
0.522013
0.00251483
0.382589
0.0157894
0.886175
0.691996
0.338676
0.672265
0.301399
0.723788
0.025363
0.476218
0.343037
0.445337
0.308479
0.893436
0.548716
0.967807
0.50616
0.869919
0.847191
0.776599
0.968394
0.0882095
0.973286
0.401304
0.356731
0.373412
0.000178491
0.901555
0.407379
0.25945
0.999077
0.435649
0.568624
0.489319
0.273742
0.127865
0.324998
0.140382
0.827733
0.168939
0.128469
0.818567
0.000299469
0.980002
0.825064
0.838663
0.472577
0.0868847
0.712987
0.485233
0.990789
0.600729
0.431429
0.427325
0.636408
0.443598
0.484189
0.11081
0.633282
0.36247
0.842807
0.709381
0.378367
0.195473
0.888201
0.0895581
0.94746
0.505918
0.720264
0.406649
0.94685
0.803117
0.676437
0.0319992
0.137539
0.45195
0.0899177
0.676373
0.136781
0.652158
0.337234
0.520928
0.154809
0.18783
0.195867
0.0095105
0.834748
0.665352
0.453426
0.0302326
0.161338
0.424714
0.237223
0.0370929
0.0800763
0.971924
0.287207
0.890106
0.547013
0.500448
0.673929
0.114246
0.656886
0.100045
0.416938
0.0870412
0.662472
0.991944
0.195866
0.761118
0.640899
0.868058
0.416453
0.350136
0.259571
0.379324
0.185406
0.863286
0.0657046
0.757165
0.0160285
0.85676
0.600579
0.444865
0.502742
0.928597
0.702514
0.667236
0.602553
0.36178
0.560183
0.694962
0.669668
0.776636
0.4472
0.737452
0.411144
0.259745
0.93286
0.925688
0.88905
0.424577
0.142978
0.641713
0.987534
0.0916013
0.121862
0.489744
0.283811
0.226247
0.985783
0.587664
0.722356
0.657259
0.532437
0.315828
0.854923
0.772251
0.303837
0.00363405
0.42674
0.952054
0.374503
0.681606
0.456383
0.793081
0.857958
0.499926
0.238964
0.609539
0.967583
0.761955
0.202354
0.646701
0.907157
0.322114
0.0133191
0.0304538
0.273415
0.0236846
0.91118
0.302401
0.279903
0.454443
0.856845
0.375014
0.075402
0.0840267
0.738153
0.543841
0.676525
0.758408
0.43489
0.396177
0.897534
0.109979
0.295382
0.0658412
0.454482
0.117613
0.0672911
0.94545
0.35169
0.841122
0.902752
0.359674
0.0976182
0.0740221
0.410465
0.126813
0.538547
0.792582
0.87688
0.0192866
0.503856
0.615948
0.694973
0.168421
0.249322
0.0844499
0.78688
0.485134
0.270877
0.611785
0.574024
0.483539
0.853273
0.88452
0.331201
0.1652
0.615387
0.911513
0.48314
0.740629
0.109195
0.162499
0.176038
0.287863
0.891162
0.781336
0.399354
0.477532
0.729902
0.142254
0.972125
0.878635
0.770972
0.253121
0.754203
0.435154
0.473189
0.129899
0.133385
0.412001
0.875197
0.360187
0.435761
0.260532
0.848866
0.833197
0.53376
0.319296
0.433657
0.916678
0.752799
0.860143
0.172637
0.247175
0.175889
0.878682
0.738373
0.297308
0.652924
0.230065
0.938146
0.718173
0.789665
0.407039
0.0611093
0.727189
0.725652
0.719989
0.155124
0.615314
0.432156
0.105314
0.705418
0.142101
0.744518
0.640665
0.027587
0.588025
0.0412888
0.400402
0.720719
0.0655473
0.398375
0.129568
0.286463
0.650296
0.841789
0.0700504
0.821643
0.472228
0.666243
0.350312
0.260902
0.856926
0.930249
0.361249
0.456564
0.439921
0.421594
0.0907721
0.751694
0.839286
0.647716
0.0513193
0.597015
0.577476
0.404867
0.281932
0.523173
0.327805
0.0973397
0.688927
0.802606
0.0193365
0.0281222
0.0127296
0.0629015
0.693899
0.695197
0.630465
0.972746
0.455076
0.353272
0.438796
0.549615
0.478033
0.916594
0.864397
0.543137
0.788761
0.182176
0.362887
0.124316
0.728778
0.344456
0.72705
0.236448
0.236032
0.205592
0.766082
0.844926
0.526997
0.0502625
0.405817
0.586579
0.483632
0.109748
0.479163
0.16934
0.453747
0.426621
0.331832
0.689173
0.435103
0.209733
0.418237
0.136827
0.220794
0.270293
0.600509
0.839759
0.00911218
0.766318
0.0847385
0.791438
0.363632
0.145099
0.548412
0.836712
0.632078
0.429455
0.443445
0.778579
0.642015
0.922704
0.581032
0.654117
0.480599
0.420685
0.172647
0.250426
0.18353
0.798376
0.240139
0.913669
0.743105
0.235843
0.675557
0.925299
0.694871
0.793556
0.898547
0.690627
0.75193
0.910992
0.975312
0.739386
0.568262
0.690933
0.753015
0.0138974
0.481846
0.42216
0.496321
0.974062
0.963167
0.911586
0.774777
0.894602
0.311216
0.829608
0.702653
0.803697
0.0743637
0.150671
0.594822
0.397182
0.785513
0.54756
0.719186
0.199155
0.0272732
0.808023
0.449724
0.231455
0.958279
0.600756
0.229137
0.985884
0.215678
0.0419268
0.666671
0.538859
0.471349
0.0898344
0.512328
0.108307
0.633308
0.0200002
0.767553
0.924642
0.920152
0.0801777
0.706865
0.294669
0.331398
0.659386
0.183694
0.980121
0.951784
0.869878
0.859232
0.343709
0.194542
0.417345
0.521802
0.167894
0.24158
0.808181
0.570318
0.212937
0.454365
0.000964309
0.0077816
0.845573
0.743823
0.518652
0.684541
0.236218
0.438376
0.179606
0.437161
0.456395
0.430001
0.202197
0.345964
0.374354
0.451698
0.336915
0.0282787
0.675979
0.978699
0.305996
0.903164
0.754697
0.711584
0.00600563
0.296654
0.179126
0.221062
0.584206
0.974879
0.764233
0.651901
0.262958
0.852455
0.538646
0.116539
0.0383069
0.966922
0.332667
0.585169
0.849419
0.51894
0.583044
0.251352
0.608136
0.00304167
0.134502
0.0329379
0.63174
0.852091
0.550107
0.958408
0.41484
0.450507
0.110061
0.22217
0.469082
0.373079
0.168886
0.398879
0.27584
0.700819
0.378989
0.897379
0.44431
0.160828
0.674227
0.112612
0.631414
0.683644
0.0438809
0.468498
0.332656
0.384966
0.520531
0.275532
0.483235
0.849268
0.658897
0.426421
0.629282
0.627698
0.746912
0.972187
0.676185
0.267903
0.660835
0.897809
0.612794
0.682865
0.502811
0.625133
0.733705
0.935285
0.619877
0.817849
0.662767
0.756771
0.286271
0.315833
0.612447
0.734335
0.373789
0.250741
0.56936
0.938931
0.960447
0.711423
0.483444
0.273945
0.778733
0.380355
0.805089
0.103274
0.705467
0.66031
0.828293
0.349105
0.0981216
0.652513
0.59354
0.636124
0.761734
0.185479
0.0214023
0.909885
0.0557962
0.999939
0.458982
0.103117
0.677905
0.766029
0.508352
0.147031
0.255274
0.100186
0.760542
0.50315
0.364599
0.668439
0.175597
0.0437614
0.803299
0.186267
0.414161
0.988117
0.700381
0.434608
0.212676
0.572589
0.0245663
0.19101
0.489141
0.652824
0.808874
0.958235
0.863758
0.161125
0.318874
0.682495
0.979431
0.26793
0.39312
0.321328
0.602352
0.930533
0.121323
0.670823
0.760579
0.26959
0.0247764
0.726416
0.317166
0.887479
0.00243611
0.797593
0.614573
0.440289
0.00998216
0.342544
0.39057
0.950245
0.36082
0.726736
0.990076
0.91305
0.299004
0.324061
0.286384
0.0847226
0.263878
0.628601
0.849666
0.971422
0.635505
0.742072
0.697601
0.435824
0.855156
0.92808
0.502322
0.635929
0.452462
0.290373
0.0217123
0.417191
0.342086
0.143187
0.488829
0.0143179
0.466329
0.0041175
0.0380093
0.687241
0.955049
0.688091
0.245689
0.0800911
0.40248
0.453077
0.542689
0.662468
0.91865
0.980801
0.670636
0.67398
0.324517
0.64199
0.199752
0.776755
0.399435
0.849781
0.754998
0.878256
0.41608
0.447741
0.409807
0.634334
0.69851
0.0862309
0.281631
0.387599
0.47535
0.395008
0.887168
0.820742
0.123813
0.561346
0.873044
0.247435
0.972517
0.839952
0.21521
0.930666
0.689464
0.265562
0.682462
0.241006
0.326913
0.450467
0.0421661
0.977021
0.049863
0.435937
0.481196
0.497516
0.898477
0.95648
0.511265
0.164896
0.623321
0.41392
0.662764
0.964433
0.611173
0.310205
0.573797
0.123692
0.487299
0.317083
0.322437
0.897885
0.290024
0.162692
0.938182
0.865804
0.683063
0.0422745
0.353321
0.737895
0.886972
0.424917
0.264171
0.491181
0.365584
0.03725
0.812149
0.810343
0.931218
0.409464
0.0401147
0.403408
0.996384
0.401
0.0945826
0.109014
0.234582
0.369659
0.847223
0.871224
0.231398
0.185559
0.344108
0.885232
0.407429
0.940286
0.820861
0.321429
0.680312
0.64461
0.361226
0.731607
0.919095
0.174694
0.241187
0.310267
0.899373
0.1128
0.303964
0.85178
0.61345
0.0734528
0.432296
0.829335
0.6332
0.337967
0.0045747
0.308588
0.0452182
0.923546
0.690005
0.257735
0.811419
0.248617
0.723229
0.423306
0.498271
0.980673
0.764473
0.611373
0.964663
0.84861
0.395196
0.293222
0.96275
0.233408
0.834687
0.0696302
0.226175
0.53229
0.371107
0.323341
0.599566
0.267452
0.548139
0.406868
0.377163
0.789748
0.401717
0.552436
0.319524
0.796566
0.972833
0.0522798
0.756932
0.312556
0.581533
0.236488
0.091441
0.90946
0.544014
0.891538
0.732591
0.351915
0.558306
0.136919
0.469335
0.596835
0.25246
0.752624
0.308208
0.847717
0.26871
0.159872
0.86828
0.62456
0.483317
0.0957723
0.178502
0.168216
0.908078
0.237521
0.557801
0.848735
0.927931
0.375078
0.809796
0.221989
0.673255
0.127283
0.230464
0.313123
0.386923
0.736176
0.305713
0.482997
0.461551
0.624821
0.659574
0.319603
0.787352
0.4013
0.319368
0.0711255
0.255062
0.206971
0.139564
0.359571
0.576075
0.468091
0.883399
0.205185
0.681171
0.54731
0.283297
0.876798
0.123289
0.770533
0.749678
0.474002
0.365698
0.275991
0.535548
0.108814
0.84512
0.173288
0.758786
0.112264
0.685609
0.723224
0.731896
0.958785
0.773496
0.214041
0.784166
0.845529
0.644863
0.831612
0.204979
0.169868
0.932923
0.822253
0.467301
0.145316
0.927526
0.538846
0.946989
0.0674501
0.736218
0.652336
0.184182
0.882139
0.888901
0.757965
0.356834
0.617488
0.396901
0.172632
0.953433
0.021847
0.196107
0.226298
0.223665
0.54371
0.951493
0.466978
0.28284
0.637401
0.194473
0.498474
0.690412
0.000148869
0.729851
0.845734
0.222022
0.536214
0.543595
0.740111
0.853357
0.777817
0.246947
0.131803
0.240786
0.966742
0.985547
0.710108
0.439645
0.621919
0.699252
0.361438
0.355471
0.619611
0.243225
0.885737
0.644502
0.574856
0.56166
0.815761
0.438757
0.728788
0.951523
0.766117
0.97208
0.123251
0.97115
0.736386
0.818847
0.861445
0.22439
0.360193
0.954869
0.285866
0.852745
0.604435
0.382362
0.0481448
0.482321
0.557364
0.822949
0.704615
0.905651
0.866992
0.853858
0.596377
0.534792
0.661821
0.255506
0.718079
0.310673
0.305638
0.873165
0.866156
0.470359
0.808599
0.959362
0.654813
0.901036
0.186794
0.490705
0.950986
0.36774
0.965186
0.576381
0.806355
0.711885
0.263202
0.0614902
0.307441
0.264465
0.722565
0.833151
0.419993
0.316223
0.91448
0.153496
0.736436
0.231603
0.0472572
0.57272
0.687005
0.953772
0.976844
0.268626
0.400627
0.693227
0.990387
0.753484
0.275532
0.387554
0.787966
0.463801
0.53869
0.246978
0.705169
0.20698
0.58366
0.613739
0.299834
0.893259
0.673829
0.528969
0.741178
0.939008
0.838573
0.774047
0.971234
0.163946
0.213177
0.781001
0.82467
0.225329
0.767488
0.188683
0.10184
0.576403
0.442158
0.843986
0.766655
0.798951
0.145611
0.570036
0.82033
0.196537
0.662793
0.575135
0.0144565
0.456983
0.0730525
0.921425
0.306743
0.769085
0.426226
0.61555
0.216725
0.301747
0.783852
0.476581
0.032003
0.547262
0.730842
0.34796
0.430887
0.821186
0.37063
0.649536
0.313563
0.632575
0.963269
0.0489897
0.715284
0.201695
0.945449
0.452147
0.884718
0.410341
0.223857
0.763588
0.11223
0.714437
0.718713
0.34844
0.794642
0.195119
2.55658e-05
0.476209
0.33324
0.79624
0.917145
0.0949809
0.239332
0.275385
0.00151979
0.658768
0.75379
0.287339
0.540337
0.774558
0.629276
0.458381
0.442436
0.395071
0.00306351
0.523917
0.0618147
0.354139
0.444924
0.311556
0.432128
0.830618
0.0609959
0.165464
0.824958
0.295352
0.742972
0.30084
0.504171
0.48706
0.632513
0.279937
0.4053
0.931887
0.988724
0.934805
0.890788
0.769146
0.557367
0.336264
0.105052
0.404382
0.475386
0.416192
0.445986
0.828072
0.305985
0.842817
0.663959
0.58089
0.879186
0.266326
0.153433
0.770554
0.16912
0.367267
0.381735
0.569187
0.565703
0.53202
0.571608
0.333673
0.0123026
0.124934
0.417648
0.19849
0.401248
0.202385
0.621431
0.778668
0.91666
0.748929
0.387521
0.406397
0.717221
0.0952319
0.156887
0.552618
0.487371
0.994932
0.671148
0.152975
0.0550502
0.287337
0.670708
0.339565
0.373209
0.973638
0.522738
0.189987
0.351742
0.537387
0.595875
0.206541
0.0202361
0.770589
0.599639
0.249313
0.0934588
0.0156846
0.369453
0.389185
0.893403
0.839506
0.337985
0.316197
0.49413
0.35877
0.511076
0.344879
0.690923
0.320415
0.987489
0.301885
0.941861
0.621936
0.133952
0.41776
0.163514
0.304308
0.713591
0.90465
0.397436
0.872169
0.946281
0.397358
0.289041
0.185974
0.227302
0.547047
0.279907
0.729455
0.084532
0.872507
0.1767
0.9057
0.567029
0.990651
0.486491
0.553675
0.278525
0.718984
0.487249
0.638493
0.274276
0.603446
0.33382
0.0386662
0.0310865
0.622987
0.159832
0.954207
0.213161
0.866586
0.865104
0.900032
0.404598
0.0689939
0.859418
0.994631
0.61984
0.989895
0.702357
0.898385
0.326424
0.345533
0.650707
0.598866
0.358569
0.58016
0.703777
0.13962
0.591192
0.277947
0.491538
0.486616
0.867369
0.858974
0.723556
0.369715
0.0780157
0.136944
0.248438
0.300996
0.0167604
0.0898181
0.897915
0.295631
0.640568
0.478909
0.464381
0.868327
0.562092
0.128245
0.504602
0.827666
0.290606
0.428955
0.743579
0.410502
0.918081
0.775852
0.834287
0.534462
0.159601
0.12762
0.776843
0.498761
0.377706
0.333494
0.9561
0.647656
0.898892
0.309225
0.484492
0.284008
0.895824
0.445058
0.853759
0.374049
0.604289
0.120893
0.859448
0.203326
0.302799
0.694612
0.221784
0.454815
0.115682
0.525069
0.551837
0.101131
0.514561
0.246403
0.248902
0.188163
0.607169
0.128995
0.0908012
0.996869
0.187766
0.556263
0.735871
0.356049
0.44177
0.393526
0.0209305
0.313948
0.676095
0.806055
0.465225
0.294026
0.363122
0.472825
0.488335
0.689849
0.644923
0.364288
0.804103
0.694436
0.182527
0.230747
0.792488
0.0239093
0.705612
0.823088
0.951029
0.596755
0.321873
0.224893
0.0896373
0.819501
0.612769
0.276285
0.0131383
0.773963
0.595789
0.972122
0.0909388
0.55019
0.443598
0.609089
0.114224
0.682119
0.785753
0.351758
0.306605
0.408885
0.199911
0.777573
0.293114
0.0953962
0.0230805
0.0886646
0.871689
0.865974
0.339916
0.461002
0.119178
0.941084
0.56971
0.953753
0.540763
0.314129
0.544458
0.662311
0.871596
0.0531032
0.459684
0.955934
0.321825
0.265365
0.213138
0.442996
0.126079
0.598744
0.558816
0.472288
0.225406
0.138054
0.872701
0.0688992
0.903186
0.0428363
0.677348
0.449497
0.721713
0.0624474
0.0102094
0.149711
0.846958
0.855454
0.674122
0.575027
0.00517206
0.0250108
0.808084
0.0712532
0.890074
0.560359
0.500605
0.409795
0.569292
0.452228
0.314293
0.472549
0.433141
0.995382
0.718375
0.291831
0.442629
0.617819
0.713338
0.801969
0.21799
0.535655
0.00113782
0.69709
0.254986
0.848764
0.96415
0.896006
0.561684
0.60323
0.571095
0.935575
0.881423
0.719832
0.0202032
0.187154
0.968679
0.358101
0.262021
0.104452
0.160419
0.325932
0.0405946
0.0165992
0.92913
0.195343
0.800753
0.897088
0.140497
0.41771
0.762101
0.120104
0.225916
0.856543
0.490974
0.599035
0.0694475
0.231088
0.203963
0.321976
0.193397
0.651232
0.415911
0.320307
0.499196
0.666886
0.835509
0.0531755
0.0476611
0.418252
0.306501
0.93347
0.580837
0.806595
0.31515
0.522921
0.19625
0.760525
0.897153
0.516636
0.986417
0.687476
0.568005
0.244468
0.858678
0.55873
0.0777825
0.637178
0.329519
0.384685
0.316674
0.252028
0.997282
0.297052
0.202757
0.654726
0.345154
0.322488
0.996519
0.150567
0.79778
0.275422
0.0465583
0.964251
0.292507
0.3001
0.219271
0.162176
0.379049
0.0354394
0.364192
0.676126
0.779096
0.686468
0.993835
0.306597
0.638152
0.738477
0.593282
0.47681
0.443457
0.721779
0.284654
0.795048
0.782322
0.8151
0.50423
0.979387
0.193871
0.369854
0.819485
0.343127
0.785809
0.474298
0.255751
0.95925
0.994393
0.0914163
0.129164
0.676497
0.675969
0.97362
0.118266
0.799208
0.313329
0.896289
0.23199
0.103056
0.449911
0.404747
0.545361
0.844366
0.505739
0.886396
0.127326
0.313657
0.787136
0.715615
0.762866
0.306829
0.0416002
0.682222
0.505896
0.139508
0.453136
0.430929
0.435723
0.793784
0.589714
0.206755
0.567923
0.683629
0.717653
0.310411
0.948519
0.851778
0.367793
0.464431
0.992324
0.466484
0.795179
0.913404
0.996375
0.0464292
0.196652
0.220908
0.440962
0.318548
0.0405269
0.783201
0.635467
0.299949
0.384421
0.253047
0.658127
0.850475
0.814615
0.402463
0.959753
0.950169
0.110965
0.510055
0.178184
0.812029
0.647673
0.876509
0.162046
0.0373208
0.438076
0.716888
0.120829
0.499318
0.320337
0.0697115
0.672116
0.472214
0.00872034
0.3184
0.307081
0.894237
0.688167
0.629233
0.765776
0.201817
0.0813593
0.47523
0.151355
0.0359537
0.470089
0.65034
0.406485
0.346056
0.299962
0.95626
0.724339
0.201521
0.0363712
0.196109
0.623784
0.361628
0.61019
0.883363
0.160117
0.7566
0.698158
0.147269
0.593842
0.100599
0.864159
0.38017
0.169146
0.9671
0.831145
0.216137
0.558332
0.241656
0.539273
0.0784415
0.428374
0.813484
0.0273584
0.429947
0.117538
0.64531
0.164952
0.619836
0.827431
0.607136
0.639275
0.135623
0.855706
0.508156
0.345858
0.403756
0.752021
0.829011
0.480603
0.819675
0.934417
0.211472
0.416466
0.404168
0.343886
0.337167
0.297611
0.488878
0.875078
0.665829
0.776959
0.547544
0.302399
0.936508
0.224506
0.289016
0.164386
0.150845
0.57381
0.227141
0.122976
0.216396
0.398671
0.182664
0.353106
0.0959278
0.430206
0.704314
0.746642
0.61712
0.547593
0.0238868
0.957032
0.741856
0.963639
0.800389
0.639615
0.956971
0.0735122
0.292851
0.511433
0.879145
0.0919319
0.0435245
0.549611
0.189306
0.347741
0.5203
0.0755098
0.932792
0.784186
0.922923
0.33218
0.407393
0.413567
0.909373
0.323831
0.234414
0.0516966
0.154038
0.187587
0.879975
0.837222
0.685213
0.24107
0.655515
0.799647
0.630273
0.449156
0.125839
0.410954
0.426978
0.919653
0.69659
0.125825
0.430703
0.926385
0.255975
0.471526
0.657779
0.0737798
0.330997
0.511767
0.795237
0.982025
0.514868
0.265347
0.665272
0.712787
0.282327
0.389004
0.236684
0.375927
0.683362
0.232694
0.765763
0.4851
0.114174
0.755096
0.33751
0.132176
0.0423603
0.489998
0.807298
0.858911
0.844728
0.71532
0.568502
0.0114001
0.0683895
0.0154865
0.487233
0.48769
0.211961
0.311678
0.354891
0.177726
0.199573
0.37408
0.622949
0.134114
0.267422
0.931109
0.264108
0.206209
0.402044
0.583678
0.315674
0.246177
0.75393
0.4102
0.0471168
0.339736
0.29611
0.603216
0.0767501
0.599824
0.578242
0.465605
0.903312
0.774125
0.279278
0.688282
0.973951
0.464056
0.587211
0.0568523
0.644674
0.136797
0.878595
0.297851
0.474589
0.342299
0.496857
0.329664
0.565377
0.0970656
0.0149669
0.0693216
0.322742
0.638657
0.617077
0.275606
0.273499
0.578784
0.52455
0.00966451
0.552256
0.285941
0.635044
0.400228
0.708046
0.051231
0.790281
0.959645
0.242775
0.419142
0.443778
0.237735
0.535467
0.632583
0.462297
0.604073
0.306859
0.719083
0.649125
0.654037
0.864634
0.728914
0.778856
0.490323
0.77709
0.589435
0.673104
0.214707
0.913616
0.00655746
0.556189
0.709124
0.27989
0.0569128
0.348288
0.585667
0.0261426
0.804191
0.649207
0.798592
0.422549
0.3597
0.452153
0.0769127
0.386223
0.753999
0.0582741
0.689651
0.10573
0.324307
0.660479
0.23773
0.734241
0.613009
0.32577
0.209829
0.352431
0.194894
0.0277145
0.971709
0.838113
0.152506
0.257215
0.948245
0.678585
0.750805
0.128289
0.528361
0.956369
0.844428
0.508432
0.125167
0.55029
0.962252
0.16324
0.055024
0.830779
0.449893
0.263052
0.418076
0.639799
0.906755
0.0211345
0.728229
0.781525
0.631349
0.067862
0.386801
0.110173
0.293141
0.55253
0.659598
0.323943
0.53014
0.471343
0.616351
0.989992
0.46276
0.473698
0.450999
0.874631
0.504473
0.6963
0.940915
0.671673
0.0251792
0.435903
0.26698
0.849703
0.108656
0.125712
0.220157
0.914118
0.980662
0.264891
0.389779
0.303104
0.23054
0.931738
0.190146
0.165647
0.769789
0.446776
0.0126809
0.210056
0.742601
0.566529
0.956144
0.273649
0.784789
0.700913
0.952929
0.838329
0.406414
0.927317
0.909054
0.8744
0.34463
0.774721
0.681559
0.300577
0.350745
0.967695
0.203392
0.247617
0.926073
0.747158
0.213263
0.923154
0.483519
0.0989382
0.960937
0.90549
0.163625
0.304418
0.846542
0.74943
0.674174
0.837361
0.331855
0.0250659
0.725941
0.879654
0.937267
0.72971
0.0245501
0.163726
0.855123
0.863767
0.5612
0.103358
0.658698
0.800729
0.64008
0.403381
0.842002
0.440893
0.960933
0.394685
0.945734
0.0392338
0.718801
0.908574
0.233707
0.300655
0.308014
0.530301
0.795566
0.762792
0.842339
0.792475
0.821279
0.624506
0.558255
0.982851
0.762287
0.949884
0.733553
0.853129
0.92258
0.337883
0.896564
0.814166
0.39719
0.887493
0.129339
0.685483
0.142756
0.334563
0.943229
0.658083
0.516384
0.14768
0.162832
0.346325
0.784673
0.912292
0.478149
0.0150559
0.00977905
0.698967
0.710868
0.511659
0.787355
0.492725
0.388452
0.53944
0.121641
0.582784
0.286372
0.378655
0.208494
0.932337
0.0433256
0.940553
0.782557
0.842005
0.246814
0.682791
0.185888
0.685797
0.602894
0.148311
0.281919
0.463425
0.885638
0.75459
0.0772335
0.0613537
0.492067
0.719843
0.0174975
0.642106
0.947443
0.24459
0.0238726
0.876695
0.460484
0.886227
0.405975
0.354526
0.0825734
0.0327869
0.854615
0.786363
0.63632
0.122416
0.044611
0.188008
0.177985
0.909349
0.786585
0.459485
0.39678
0.827536
0.432451
0.327081
0.00950736
0.0839506
0.595359
0.265175
0.427505
0.576297
0.279442
0.882916
0.829999
0.321237
0.635038
0.684513
0.913968
0.593503
0.894702
0.585755
0.757325
0.14557
0.852218
0.340071
0.940013
0.277801
0.332618
0.144906
0.494621
0.384236
0.624331
0.284435
0.970812
0.62013
0.392716
0.697617
0.939809
0.885301
0.314747
0.473506
0.394497
0.528861
0.820397
0.495862
0.148514
0.245038
0.558849
0.408955
0.315531
0.475791
0.772424
0.221424
0.700932
0.019913
0.785414
0.492675
0.703585
0.265072
0.649583
0.657791
0.35602
0.310532
0.537935
0.0907561
0.619234
0.166941
0.528009
0.0507927
0.773296
0.351921
0.0323131
0.600153
0.351708
0.756911
0.429778
0.0525422
0.452832
0.121001
0.682675
0.5912
0.406273
0.033647
0.197857
0.601131
0.371228
0.550554
0.354886
0.184475
0.588009
0.847752
0.00228382
0.178681
0.418705
0.691586
0.610662
0.503691
0.644937
0.540353
0.239434
0.746134
0.629545
0.785629
0.139342
0.845694
0.270491
0.975058
0.0881411
0.650808
0.606478
0.748862
0.364281
0.905989
0.699701
0.532055
0.747708
0.509173
0.584271
0.904419
0.615397
0.347148
0.17932
0.464223
0.569472
0.679286
0.945181
0.367777
0.131902
0.860581
0.282862
0.552238
0.194196
0.331655
0.64108
0.959728
0.181227
0.0939371
0.468433
0.907193
0.8994
0.660127
0.756313
0.0846212
0.148659
0.543064
0.165531
0.0193328
0.469419
0.23474
0.637014
0.132549
0.216323
0.960168
0.394932
0.488581
0.221126
0.38395
0.473991
0.312959
0.375754
0.716671
0.622555
0.729072
0.0274341
0.652854
0.646958
0.842111
0.627216
0.0348496
0.636515
0.945733
0.188239
0.0235151
0.752469
0.133019
0.478837
0.554893
0.644564
0.498998
0.650541
0.220758
0.0403684
0.806926
0.997441
0.256909
0.0730579
0.345376
0.906067
0.328948
0.561461
0.231698
0.200082
0.722643
0.69562
0.843889
0.652484
0.00285831
0.464917
0.406389
0.69354
0.16055
0.347255
0.359341
0.633363
0.490267
0.0590684
0.269377
0.351461
0.38423
0.347509
